Average:       0   47.92    0.00    2.26   48.68    0.00    0.00    0.00    0.00    1.13
Average:       0   99.50    0.00    0.50    0.00    0.00    0.00    0.00    0.00    0.00
Average:       0    0.00    0.00    0.00    0.25    0.00    0.00    0.00    0.00   99.75
Average:       0    0.00    0.00    0.00    0.00    0.00    0.00    0.00    0.00  100.00
Average:       0    0.00    0.00    0.00    0.25    0.00    0.00    0.00    0.00   99.75
Average:       0    0.00    0.00    0.00    0.00    0.00    0.00    0.00    0.00  100.00
Average:       0    0.00    0.00    0.00    1.00    0.00    0.00    0.00    0.00   99.00
Average:       0    0.00    0.00    0.00    0.00    0.00    0.00    0.00    0.00  100.00
Average:       0    0.00    0.00    0.25    0.00    0.00    0.00    0.00    0.00   99.75
Average:       0    0.00    0.00    0.25    2.51    0.00    0.00    0.00    0.00   97.24
