Average:       0   53.28    0.00    1.16   42.86    0.00    0.00    0.00    0.00    2.70
Average:       0   98.99    0.00    1.01    0.00    0.00    0.00    0.00    0.00    0.00
Average:       0   97.03    0.00    0.50    1.49    0.00    0.00    0.00    0.00    0.99
Average:       0   87.26    0.00    0.94    8.49    0.00    0.00    0.00    0.00    3.30
Average:       0   82.49    0.00    0.92   11.52    0.00    0.00    0.00    0.00    5.07
Average:       0   98.01    0.00    1.00    0.50    0.00    0.00    0.00    0.00    0.50
Average:       0   91.35    0.00    0.48    5.29    0.00    0.00    0.00    0.00    2.88
Average:       0   98.50    0.00    0.50    1.00    0.00    0.00    0.00    0.00    0.00
Average:       0   99.50    0.00    0.50    0.00    0.00    0.00    0.00    0.00    0.00
Average:       0   98.01    0.00    1.00    0.50    0.00    0.00    0.00    0.00    0.50
Average:       0   96.55    0.00    1.48    1.48    0.00    0.00    0.00    0.00    0.49
Average:       0   98.50    0.00    1.00    0.50    0.00    0.00    0.00    0.00    0.00
Average:       0   98.02    0.00    0.50    0.99    0.00    0.00    0.00    0.00    0.50
Average:       0   91.35    0.00    0.00    4.81    0.00    0.00    0.00    0.00    3.85
Average:       0   34.39    0.00    5.61   47.72    0.00    0.00    0.00    0.00   12.28
