Average:       0    1.03    0.00    1.03   69.67    0.00    0.00    0.00    0.00   28.28
Average:       0   96.00    0.00    4.00    0.00    0.00    0.00    0.00    0.00    0.00
Average:       0   98.00    0.00    2.00    0.00    0.00    0.00    0.00    0.00    0.00
Average:       0   97.50    0.00    2.50    0.00    0.00    0.00    0.00    0.00    0.00
Average:       0   98.00    0.00    2.00    0.00    0.00    0.00    0.00    0.00    0.00
Average:       0   97.01    0.00    2.99    0.00    0.00    0.00    0.00    0.00    0.00
Average:       0   97.99    0.00    2.01    0.00    0.00    0.00    0.00    0.00    0.00
Average:       0   98.01    0.00    1.99    0.00    0.00    0.00    0.00    0.00    0.00
Average:       0   97.51    0.00    2.49    0.00    0.00    0.00    0.00    0.00    0.00
Average:       0   98.99    0.00    1.01    0.00    0.00    0.00    0.00    0.00    0.00
Average:       0   97.51    0.00    2.49    0.00    0.00    0.00    0.00    0.00    0.00
Average:       0   98.50    0.00    1.50    0.00    0.00    0.00    0.00    0.00    0.00
Average:       0   98.50    0.00    1.50    0.00    0.00    0.00    0.00    0.00    0.00
Average:       0   98.00    0.00    2.00    0.00    0.00    0.00    0.00    0.00    0.00
Average:       0   98.00    0.00    2.00    0.00    0.00    0.00    0.00    0.00    0.00
Average:       0   98.50    0.00    1.50    0.00    0.00    0.00    0.00    0.00    0.00
Average:       0   98.00    0.00    2.00    0.00    0.00    0.00    0.00    0.00    0.00
Average:       0   99.00    0.00    1.00    0.00    0.00    0.00    0.00    0.00    0.00
Average:       0   98.50    0.00    1.50    0.00    0.00    0.00    0.00    0.00    0.00
Average:       0   97.50    0.00    2.50    0.00    0.00    0.00    0.00    0.00    0.00
Average:       0   98.50    0.00    1.50    0.00    0.00    0.00    0.00    0.00    0.00
Average:       0   98.00    0.00    2.00    0.00    0.00    0.00    0.00    0.00    0.00
Average:       0   98.00    0.00    2.00    0.00    0.00    0.00    0.00    0.00    0.00
Average:       0   98.00    0.00    2.00    0.00    0.00    0.00    0.00    0.00    0.00
Average:       0   98.51    0.00    1.49    0.00    0.00    0.00    0.00    0.00    0.00
Average:       0   99.00    0.00    1.00    0.00    0.00    0.00    0.00    0.00    0.00
Average:       0   86.89    0.00    7.28    0.97    0.00    0.00    0.00    0.00    4.85
Average:       0   97.04    0.00    0.00    0.00    0.00    0.00    0.00    0.00    2.96
Average:       0   81.57    0.00    0.46    0.00    0.00    0.00    0.00    0.00   17.97
Average:       0   84.19    0.00    0.93    0.00    0.00    0.00    0.00    0.00   14.88
Average:       0   94.15    0.00    1.46    0.00    0.00    0.00    0.00    0.00    4.39
Average:       0   99.50    0.00    0.00    0.00    0.00    0.00    0.50    0.00    0.00
Average:       0  100.00    0.00    0.00    0.00    0.00    0.00    0.00    0.00    0.00
Average:       0  100.00    0.00    0.00    0.00    0.00    0.00    0.00    0.00    0.00
Average:       0  100.00    0.00    0.00    0.00    0.00    0.00    0.00    0.00    0.00
Average:       0  100.00    0.00    0.00    0.00    0.00    0.00    0.00    0.00    0.00
Average:       0  100.00    0.00    0.00    0.00    0.00    0.00    0.00    0.00    0.00
Average:       0  100.00    0.00    0.00    0.00    0.00    0.00    0.00    0.00    0.00
Average:       0  100.00    0.00    0.00    0.00    0.00    0.00    0.00    0.00    0.00
Average:       0  100.00    0.00    0.00    0.00    0.00    0.00    0.00    0.00    0.00
Average:       0   99.00    0.00    1.00    0.00    0.00    0.00    0.00    0.00    0.00
Average:       0  100.00    0.00    0.00    0.00    0.00    0.00    0.00    0.00    0.00
Average:       0  100.00    0.00    0.00    0.00    0.00    0.00    0.00    0.00    0.00
Average:       0   99.50    0.00    0.00    0.00    0.00    0.50    0.00    0.00    0.00
Average:       0  100.00    0.00    0.00    0.00    0.00    0.00    0.00    0.00    0.00
Average:       0    0.00    0.00    0.00    0.00    0.00    0.00    0.00    0.00  100.00
Average:       0   84.08    0.00   14.93    1.00    0.00    0.00    0.00    0.00    0.00
Average:       0   57.40    0.00   21.97   10.31    0.00    0.00    0.00    0.00   10.31
Average:       0   44.26    0.00   19.67   36.07    0.00    0.00    0.00    0.00    0.00
