Average:       0   46.30    0.00    2.22   48.52    0.00    0.00    0.00    0.00    2.96
Average:       0   97.03    0.00    1.98    0.50    0.00    0.00    0.00    0.00    0.50
Average:       0   98.51    0.00    1.00    0.50    0.00    0.00    0.00    0.00    0.00
Average:       0   87.26    0.00    0.94   11.79    0.00    0.00    0.00    0.00    0.00
Average:       0   98.50    0.00    1.00    0.50    0.00    0.00    0.00    0.00    0.00
Average:       0   98.51    0.00    1.00    0.50    0.00    0.00    0.00    0.00    0.00
Average:       0   98.01    0.00    1.00    0.50    0.00    0.00    0.00    0.00    0.50
Average:       0   98.50    0.00    0.50    0.50    0.00    0.00    0.00    0.00    0.50
Average:       0   97.51    0.00    1.00    1.00    0.00    0.00    0.00    0.00    0.50
Average:       0   95.57    0.00    1.48    1.97    0.00    0.00    0.00    0.00    0.99
Average:       0   98.51    0.00    0.50    0.50    0.00    0.00    0.00    0.00    0.50
Average:       0   95.57    0.00    0.99    2.46    0.00    0.00    0.00    0.00    0.99
Average:       0   70.82    0.00    0.43   15.88    0.00    0.00    0.00    0.00   12.88
Average:       0   97.03    0.00    0.99    0.99    0.00    0.00    0.00    0.00    0.99
Average:       0   96.06    0.00    1.48    1.48    0.00    0.00    0.00    0.00    0.99
Average:       0   98.01    0.00    1.00    0.50    0.00    0.00    0.50    0.00    0.00
