Average:     CPU    %usr   %nice    %sys %iowait    %irq   %soft  %steal  %guest   %idle
Average:     all   21.65    0.00    1.38    4.51    0.00    0.00    0.00    0.00   72.47
Average:       0   86.00    0.00    5.00    8.00    0.00    0.00    0.00    0.00    1.00
Average:       1    0.00    0.00    0.00   10.10    0.00    0.00    0.00    0.00   89.90
Average:       2    0.00    0.00    0.00    0.00    0.00    0.00    0.00    0.00  100.00
Average:       3    0.50    0.00    0.50    0.00    0.00    0.00    0.00    0.00   99.00
Average:     CPU    %usr   %nice    %sys %iowait    %irq   %soft  %steal  %guest   %idle
Average:     all   24.34    0.00    0.75    0.00    0.00    0.00    0.00    0.00   74.91
Average:       0   97.49    0.00    2.51    0.00    0.00    0.00    0.00    0.00    0.00
Average:       1    0.00    0.00    0.00    0.00    0.00    0.00    0.00    0.00  100.00
Average:       2    0.00    0.00    0.00    0.00    0.00    0.00    0.00    0.00  100.00
Average:       3    0.00    0.00    0.00    0.00    0.00    0.00    0.00    0.00  100.00
Average:     CPU    %usr   %nice    %sys %iowait    %irq   %soft  %steal  %guest   %idle
Average:     all   22.75    0.00    1.12    4.12    0.00    0.00    0.00    0.00   72.00
Average:       0   40.00    0.00    2.00    5.50    0.00    0.00    0.00    0.00   52.50
Average:       1   50.00    0.00    2.50   11.00    0.00    0.00    0.00    0.00   36.50
Average:       2    0.00    0.00    0.00    0.00    0.00    0.00    0.00    0.00  100.00
Average:       3    0.00    0.00    0.00    0.00    0.00    0.00    0.00    0.00  100.00
Average:     CPU    %usr   %nice    %sys %iowait    %irq   %soft  %steal  %guest   %idle
Average:     all   23.65    0.00    1.00    0.38    0.00    0.00    0.00    0.00   74.97
Average:       0   94.53    0.00    3.98    1.00    0.00    0.00    0.00    0.00    0.50
Average:       1    0.00    0.00    0.50    0.00    0.00    0.00    0.00    0.00   99.50
Average:       2    0.00    0.00    0.00    0.00    0.00    0.00    0.00    0.00  100.00
Average:       3    0.00    0.00    0.00    0.00    0.00    0.00    0.00    0.00  100.00
Average:     CPU    %usr   %nice    %sys %iowait    %irq   %soft  %steal  %guest   %idle
Average:     all   23.28    0.00    0.63    1.13    0.00    0.00    0.00    0.00   74.97
Average:       0   93.00    0.00    2.50    4.50    0.00    0.00    0.00    0.00    0.00
Average:       1    0.00    0.00    0.00    0.00    0.00    0.00    0.00    0.00  100.00
Average:       2    0.00    0.00    0.00    0.00    0.00    0.00    0.00    0.00  100.00
Average:       3    0.00    0.00    0.00    0.00    0.00    0.00    0.00    0.00  100.00
Average:     CPU    %usr   %nice    %sys %iowait    %irq   %soft  %steal  %guest   %idle
Average:     all   23.28    0.00    0.75    3.00    0.00    0.00    0.00    0.00   72.97
Average:       0   93.00    0.00    3.00    4.00    0.00    0.00    0.00    0.00    0.00
Average:       1    0.00    0.00    0.00    8.00    0.00    0.00    0.00    0.00   92.00
Average:       2    0.00    0.00    0.50    0.00    0.00    0.00    0.00    0.00   99.50
Average:       3    0.00    0.00    0.00    0.00    0.00    0.00    0.00    0.00  100.00
Average:     CPU    %usr   %nice    %sys %iowait    %irq   %soft  %steal  %guest   %idle
Average:     all   24.12    0.00    0.88    0.00    0.00    0.00    0.00    0.00   75.00
Average:       0   96.52    0.00    3.48    0.00    0.00    0.00    0.00    0.00    0.00
Average:       1    0.00    0.00    0.00    0.00    0.00    0.00    0.00    0.00  100.00
Average:       2    0.00    0.00    0.50    0.00    0.00    0.00    0.00    0.00   99.50
Average:       3    0.00    0.00    0.00    0.00    0.00    0.00    0.00    0.00  100.00
Average:     CPU    %usr   %nice    %sys %iowait    %irq   %soft  %steal  %guest   %idle
Average:     all   23.75    0.00    0.75    3.75    0.00    0.00    0.00    0.00   71.75
Average:       0   95.02    0.00    1.99    2.99    0.00    0.00    0.00    0.00    0.00
Average:       1    0.00    0.00    0.50   12.06    0.00    0.00    0.00    0.00   87.44
Average:       2    0.00    0.00    0.00    0.00    0.00    0.00    0.00    0.00  100.00
Average:       3    0.00    0.00    0.00    0.00    0.00    0.00    0.00    0.00  100.00
Average:     CPU    %usr   %nice    %sys %iowait    %irq   %soft  %steal  %guest   %idle
Average:     all   24.50    0.00    0.50    0.00    0.00    0.00    0.00    0.00   75.00
Average:       0   98.00    0.00    2.00    0.00    0.00    0.00    0.00    0.00    0.00
Average:       1    0.00    0.00    0.00    0.00    0.00    0.00    0.00    0.00  100.00
Average:       2    0.00    0.00    0.50    0.00    0.00    0.00    0.00    0.00   99.50
Average:       3    0.00    0.00    0.00    0.00    0.00    0.00    0.00    0.00  100.00
Average:     CPU    %usr   %nice    %sys %iowait    %irq   %soft  %steal  %guest   %idle
Average:     all   24.22    0.00    0.62    0.25    0.00    0.00    0.00    0.00   74.91
Average:       0   97.49    0.00    2.01    0.50    0.00    0.00    0.00    0.00    0.00
Average:       1    0.00    0.00    0.00    0.00    0.00    0.00    0.00    0.00  100.00
Average:       2    0.00    0.00    0.00    0.00    0.00    0.00    0.00    0.00  100.00
Average:       3    0.00    0.00    0.00    0.00    0.00    0.00    0.00    0.00  100.00
Average:     CPU    %usr   %nice    %sys %iowait    %irq   %soft  %steal  %guest   %idle
Average:     all   23.82    0.00    1.50    4.49    0.00    0.00    0.12    0.00   70.07
Average:       0    0.00    0.00    0.50   18.00    0.00    0.00    0.00    0.00   81.50
Average:       1   95.00    0.00    4.50    0.00    0.00    0.00    0.00    0.00    0.50
Average:       2    0.00    0.00    0.50    0.00    0.00    0.00    0.00    0.00   99.50
Average:       3    0.00    0.00    0.00    0.00    0.00    0.00    0.00    0.00  100.00
Average:     CPU    %usr   %nice    %sys %iowait    %irq   %soft  %steal  %guest   %idle
Average:     all   24.25    0.00    0.88    0.00    0.00    0.00    0.00    0.00   74.88
Average:       0   97.01    0.00    2.49    0.00    0.00    0.00    0.00    0.00    0.50
Average:       1    0.00    0.00    0.00    0.00    0.00    0.00    0.00    0.00  100.00
Average:       2    0.00    0.00    0.50    0.00    0.00    0.00    0.00    0.00   99.50
Average:       3    0.00    0.00    0.00    0.00    0.00    0.00    0.00    0.00  100.00
Average:     CPU    %usr   %nice    %sys %iowait    %irq   %soft  %steal  %guest   %idle
Average:     all   15.56    0.00    2.26   11.29    0.00    0.00    0.00    0.00   70.89
Average:       0   62.12    0.00    3.03   28.79    0.00    0.00    0.00    0.00    6.06
Average:       1    0.50    0.00    0.50   15.58    0.00    0.00    0.00    0.00   83.42
Average:       2    0.00    0.00    0.00    1.00    0.00    0.00    0.00    0.00   99.00
Average:       3    0.00    0.00    6.00    0.00    0.00    0.00    0.00    0.00   94.00
