Average:     CPU    %usr   %nice    %sys %iowait    %irq   %soft  %steal  %guest   %idle
Average:     all   38.05    0.00    0.50    1.13    0.00    0.00    0.00    0.00   60.33
Average:       0    3.50    0.00    0.50    3.00    0.00    0.00    0.50    0.00   92.50
Average:       1   14.00    0.00    0.50    1.00    0.00    0.00    0.00    0.00   84.50
Average:       2   91.04    0.00    0.00    1.00    0.00    0.00    0.00    0.00    7.96
Average:       3   43.00    0.00    0.50    0.00    0.00    0.00    0.00    0.00   56.50
Average:     CPU    %usr   %nice    %sys %iowait    %irq   %soft  %steal  %guest   %idle
Average:     all   40.90    0.00    0.50    1.00    0.00    0.00    0.13    0.00   57.47
Average:       0   23.50    0.00    0.50    4.50    0.00    0.00    0.00    0.00   71.50
Average:       1   99.00    0.00    1.00    0.00    0.00    0.00    0.00    0.00    0.00
Average:       2   36.00    0.00    0.50    0.00    0.00    0.00    0.50    0.00   63.00
Average:       3    5.03    0.00    0.00    0.00    0.00    0.00    0.00    0.00   94.97
Average:     CPU    %usr   %nice    %sys %iowait    %irq   %soft  %steal  %guest   %idle
Average:     all   38.62    0.00    0.38    0.00    0.00    0.00    0.00    0.00   61.01
Average:       0    1.02    0.00    0.51    0.00    0.00    0.00    0.00    0.00   98.48
Average:       1   99.50    0.00    0.50    0.00    0.00    0.00    0.00    0.00    0.00
Average:       2   51.00    0.00    1.00    0.00    0.00    0.00    0.00    0.00   48.00
Average:       3    1.52    0.00    0.51    0.00    0.00    0.00    0.00    0.00   97.98
Average:     CPU    %usr   %nice    %sys %iowait    %irq   %soft  %steal  %guest   %idle
Average:     all   40.57    0.00    0.62    0.25    0.00    0.00    0.12    0.00   58.43
Average:       0   58.50    0.00    1.00    0.00    0.00    0.00    0.00    0.00   40.50
Average:       1    4.46    0.00    0.50    0.99    0.00    0.00    0.50    0.00   93.56
Average:       2    0.00    0.00    0.50    0.00    0.00    0.00    0.00    0.00   99.50
Average:       3  100.00    0.00    0.00    0.00    0.00    0.00    0.00    0.00    0.00
Average:     CPU    %usr   %nice    %sys %iowait    %irq   %soft  %steal  %guest   %idle
Average:     all   38.45    0.00    0.62    0.00    0.00    0.00    0.00    0.00   60.92
Average:       0  100.00    0.00    0.00    0.00    0.00    0.00    0.00    0.00    0.00
Average:       1   40.80    0.00    1.49    0.00    0.00    0.00    0.00    0.00   57.71
Average:       2    5.53    0.00    0.00    0.00    0.00    0.00    0.00    0.00   94.47
Average:       3    7.58    0.00    0.51    0.00    0.00    0.00    0.00    0.00   91.92
Average:     CPU    %usr   %nice    %sys %iowait    %irq   %soft  %steal  %guest   %idle
Average:     all   41.00    0.00    0.38    0.00    0.00    0.00    0.00    0.00   58.63
Average:       0    2.51    0.00    0.00    0.00    0.00    0.00    0.00    0.00   97.49
Average:       1    2.48    0.00    0.99    0.00    0.00    0.00    0.50    0.00   96.04
Average:       2  100.00    0.00    0.00    0.00    0.00    0.00    0.00    0.00    0.00
Average:       3   59.30    0.00    0.50    0.00    0.00    0.00    0.00    0.00   40.20
Average:     CPU    %usr   %nice    %sys %iowait    %irq   %soft  %steal  %guest   %idle
Average:     all   39.62    0.00    0.50    0.12    0.00    0.00    0.00    0.00   59.75
Average:       0    2.01    0.00    1.01    0.00    0.00    0.00    0.00    0.00   96.98
Average:       1   15.00    0.00    0.00    0.50    0.00    0.00    0.00    0.00   84.50
Average:       2   99.50    0.00    0.50    0.00    0.00    0.00    0.00    0.00    0.00
Average:       3   41.71    0.00    0.00    0.00    0.00    0.00    0.50    0.00   57.79
Average:     CPU    %usr   %nice    %sys %iowait    %irq   %soft  %steal  %guest   %idle
Average:     all   40.38    0.00    0.38    0.00    0.00    0.00    0.00    0.00   59.25
Average:       0   26.13    0.00    1.01    0.00    0.00    0.00    0.00    0.00   72.86
Average:       1   59.70    0.00    0.50    0.00    0.00    0.00    0.00    0.00   39.80
Average:       2   72.77    0.00    0.50    0.00    0.00    0.00    0.00    0.00   26.73
Average:       3    2.01    0.00    0.50    0.00    0.00    0.00    0.00    0.00   97.49
Average:     CPU    %usr   %nice    %sys %iowait    %irq   %soft  %steal  %guest   %idle
Average:     all   40.18    0.00    0.63    0.25    0.00    0.00    0.00    0.00   58.95
Average:       0    3.03    0.00    1.01    1.01    0.00    0.00    0.00    0.00   94.95
Average:       1    0.00    0.00    0.50    0.00    0.00    0.00    0.00    0.00   99.50
Average:       2  100.00    0.00    0.00    0.00    0.00    0.00    0.00    0.00    0.00
Average:       3   57.00    0.00    1.00    0.00    0.00    0.00    0.00    0.00   42.00
Average:     CPU    %usr   %nice    %sys %iowait    %irq   %soft  %steal  %guest   %idle
Average:     all   38.11    0.00    0.63    0.00    0.00    0.00    0.00    0.00   61.26
Average:       0    6.00    0.00    1.00    0.00    0.00    0.00    0.00    0.00   93.00
Average:       1    2.02    0.00    0.00    0.00    0.00    0.00    0.00    0.00   97.98
Average:       2  100.00    0.00    0.00    0.00    0.00    0.00    0.00    0.00    0.00
Average:       3   44.44    0.00    1.52    0.00    0.00    0.00    0.00    0.00   54.04
Average:     CPU    %usr   %nice    %sys %iowait    %irq   %soft  %steal  %guest   %idle
Average:     all   40.53    0.00    0.63    0.25    0.00    0.00    0.00    0.00   58.59
Average:       0    7.00    0.00    0.00    0.50    0.00    0.00    0.00    0.00   92.50
Average:       1    5.45    0.00    0.50    0.00    0.00    0.00    0.00    0.00   94.06
Average:       2   99.50    0.00    0.50    0.00    0.00    0.00    0.00    0.00    0.00
Average:       3   51.28    0.00    1.54    0.00    0.00    0.00    0.00    0.00   47.18
Average:     CPU    %usr   %nice    %sys %iowait    %irq   %soft  %steal  %guest   %idle
Average:     all   39.28    0.00    0.37    0.00    0.00    0.00    0.00    0.00   60.35
Average:       0    3.00    0.00    1.00    0.00    0.00    0.00    0.00    0.00   96.00
Average:       1    0.50    0.00    0.00    0.00    0.00    0.00    0.00    0.00   99.50
Average:       2  100.00    0.00    0.00    0.00    0.00    0.00    0.00    0.00    0.00
Average:       3   53.20    0.00    0.49    0.00    0.00    0.00    0.00    0.00   46.31
Average:     CPU    %usr   %nice    %sys %iowait    %irq   %soft  %steal  %guest   %idle
Average:     all   38.64    0.00    0.25    0.00    0.00    0.00    0.00    0.00   61.10
Average:       0   59.80    0.00    0.00    0.00    0.00    0.00    0.00    0.00   40.20
Average:       1   21.50    0.00    0.50    0.00    0.00    0.00    0.00    0.00   78.00
Average:       2   51.50    0.00    0.00    0.00    0.00    0.00    0.00    0.00   48.50
Average:       3   21.72    0.00    1.01    0.00    0.00    0.00    0.00    0.00   77.27
Average:     CPU    %usr   %nice    %sys %iowait    %irq   %soft  %steal  %guest   %idle
Average:     all   40.62    0.00    0.50    0.25    0.00    0.00    0.12    0.00   58.50
Average:       0    2.51    0.00    0.50    1.01    0.00    0.00    0.00    0.00   95.98
Average:       1    1.51    0.00    0.00    0.00    0.00    0.00    0.00    0.00   98.49
Average:       2  100.00    0.00    0.00    0.00    0.00    0.00    0.00    0.00    0.00
Average:       3   58.29    0.00    1.01    0.00    0.00    0.00    0.00    0.00   40.70
Average:     CPU    %usr   %nice    %sys %iowait    %irq   %soft  %steal  %guest   %idle
Average:     all   38.39    0.00    0.75    0.25    0.00    0.00    0.13    0.00   60.48
Average:       0    2.02    0.00    1.01    0.00    0.00    0.00    0.00    0.00   96.97
Average:       1   26.50    0.00    0.00    0.50    0.00    0.00    0.00    0.00   73.00
Average:       2   88.50    0.00    0.50    0.00    0.00    0.00    0.00    0.00   11.00
Average:       3   36.68    0.00    1.51    0.00    0.00    0.00    0.00    0.00   61.81
Average:     CPU    %usr   %nice    %sys %iowait    %irq   %soft  %steal  %guest   %idle
Average:     all   38.35    0.00    0.50    0.00    0.00    0.00    0.13    0.00   61.03
Average:       0    1.50    0.00    1.00    0.00    0.00    0.00    0.00    0.00   97.50
Average:       1    2.48    0.00    0.50    0.00    0.00    0.00    0.50    0.00   96.53
Average:       2  100.00    0.00    0.00    0.00    0.00    0.00    0.00    0.00    0.00
Average:       3   49.75    0.00    1.02    0.00    0.00    0.00    0.00    0.00   49.24
Average:     CPU    %usr   %nice    %sys %iowait    %irq   %soft  %steal  %guest   %idle
Average:     all   41.33    0.00    0.50    0.00    0.00    0.00    0.00    0.00   58.17
Average:       0   99.50    0.00    0.50    0.00    0.00    0.00    0.00    0.00    0.00
Average:       1   32.49    0.00    0.51    0.00    0.00    0.00    0.00    0.00   67.01
Average:       2   31.84    0.00    1.00    0.00    0.00    0.00    0.00    0.00   67.16
Average:       3    0.50    0.00    1.01    0.00    0.00    0.00    0.00    0.00   98.49
Average:     CPU    %usr   %nice    %sys %iowait    %irq   %soft  %steal  %guest   %idle
Average:     all   40.50    0.00    0.50    0.00    0.00    0.00    0.12    0.00   58.88
Average:       0   68.84    0.00    0.50    0.00    0.00    0.00    0.00    0.00   30.65
Average:       1   83.00    0.00    0.50    0.00    0.00    0.00    0.00    0.00   16.50
Average:       2    9.05    0.00    0.50    0.00    0.00    0.00    0.00    0.00   90.45
Average:       3    1.98    0.00    0.50    0.00    0.00    0.00    0.00    0.00   97.52
Average:     CPU    %usr   %nice    %sys %iowait    %irq   %soft  %steal  %guest   %idle
Average:     all   38.45    0.00    0.62    0.25    0.00    0.00    0.12    0.00   60.55
Average:       0   23.38    0.00    0.50    0.00    0.00    0.00    0.00    0.00   76.12
Average:       1   59.50    0.00    0.00    0.00    0.00    0.00    0.00    0.00   40.50
Average:       2   28.28    0.00    1.01    0.00    0.00    0.00    0.00    0.00   70.71
Average:       3   43.00    0.00    0.50    0.50    0.00    0.00    0.00    0.00   56.00
Average:     CPU    %usr   %nice    %sys %iowait    %irq   %soft  %steal  %guest   %idle
Average:     all   31.25    0.00    3.62    2.88    0.00    0.00    0.00    0.00   62.25
Average:       0   26.53    0.00    6.12    9.18    0.00    0.00    0.00    0.00   58.16
Average:       1   36.00    0.00    3.00    1.50    0.00    0.00    0.00    0.00   59.50
Average:       2   51.98    0.00    3.47    0.99    0.00    0.00    0.00    0.00   43.56
Average:       3   10.89    0.00    1.98    0.00    0.00    0.00    0.00    0.00   87.13
