Average:     CPU    %usr   %nice    %sys %iowait    %irq   %soft  %steal  %guest   %idle
Average:     all    0.00    0.00    0.12    0.00    0.00    0.00    0.00    0.00   99.88
Average:       0    0.00    0.00    0.00    0.00    0.00    0.00    0.00    0.00  100.00
Average:       1    0.00    0.00    0.00    0.00    0.00    0.00    0.00    0.00  100.00
Average:       2    0.00    0.00    0.00    0.00    0.00    0.00    0.00    0.00  100.00
Average:       3    0.00    0.00    0.00    0.00    0.00    0.00    0.00    0.00  100.00
Average:     CPU    %usr   %nice    %sys %iowait    %irq   %soft  %steal  %guest   %idle
Average:     all    0.00    0.00    0.00    0.00    0.00    0.00    0.00    0.00  100.00
Average:       0    0.00    0.00    0.00    0.00    0.00    0.00    0.00    0.00  100.00
Average:       1    0.00    0.00    0.50    0.00    0.00    0.00    0.00    0.00   99.50
Average:       2    0.00    0.00    0.00    0.00    0.00    0.00    0.00    0.00  100.00
Average:       3    0.00    0.00    0.00    0.00    0.00    0.00    0.00    0.00  100.00
Average:     CPU    %usr   %nice    %sys %iowait    %irq   %soft  %steal  %guest   %idle
Average:     all    0.00    0.00    0.00    0.00    0.00    0.00    0.00    0.00  100.00
Average:       0    0.00    0.00    0.00    0.00    0.00    0.00    0.00    0.00  100.00
Average:       1    0.00    0.00    0.00    0.00    0.00    0.00    0.00    0.00  100.00
Average:       2    0.00    0.00    0.00    0.00    0.00    0.00    0.00    0.00  100.00
Average:       3    0.00    0.00    0.00    0.00    0.00    0.00    0.00    0.00  100.00
Average:     CPU    %usr   %nice    %sys %iowait    %irq   %soft  %steal  %guest   %idle
Average:     all    0.00    0.00    0.00    0.00    0.00    0.00    0.00    0.00  100.00
Average:       0    0.00    0.00    0.00    0.00    0.00    0.00    0.00    0.00  100.00
Average:       1    0.00    0.00    0.00    0.00    0.00    0.00    0.00    0.00  100.00
Average:       2    0.00    0.00    0.00    0.00    0.00    0.00    0.00    0.00  100.00
Average:       3    0.00    0.00    0.00    0.00    0.00    0.00    0.00    0.00  100.00
Average:     CPU    %usr   %nice    %sys %iowait    %irq   %soft  %steal  %guest   %idle
Average:     all    0.00    0.00    0.00    0.00    0.00    0.00    0.00    0.00  100.00
Average:       0    0.00    0.00    0.00    0.00    0.00    0.00    0.00    0.00  100.00
Average:       1    0.00    0.00    0.00    0.00    0.00    0.00    0.00    0.00  100.00
Average:       2    0.00    0.00    0.00    0.00    0.00    0.00    0.00    0.00  100.00
Average:       3    0.00    0.00    0.00    0.00    0.00    0.00    0.00    0.00  100.00
Average:     CPU    %usr   %nice    %sys %iowait    %irq   %soft  %steal  %guest   %idle
Average:     all    0.00    0.00    0.00    0.00    0.00    0.00    0.00    0.00  100.00
Average:       0    0.00    0.00    0.00    0.00    0.00    0.00    0.00    0.00  100.00
Average:       1    0.00    0.00    0.00    0.00    0.00    0.00    0.00    0.00  100.00
Average:       2    0.00    0.00    0.00    0.00    0.00    0.00    0.00    0.00  100.00
Average:       3    0.00    0.00    0.00    0.00    0.00    0.00    0.00    0.00  100.00
Average:     CPU    %usr   %nice    %sys %iowait    %irq   %soft  %steal  %guest   %idle
Average:     all    0.00    0.00    0.00    0.00    0.00    0.00    0.00    0.00  100.00
Average:       0    0.00    0.00    0.00    0.00    0.00    0.00    0.00    0.00  100.00
Average:       1    0.00    0.00    0.00    0.00    0.00    0.00    0.00    0.00  100.00
Average:       2    0.00    0.00    0.00    0.00    0.00    0.00    0.00    0.00  100.00
Average:       3    0.00    0.00    0.00    0.00    0.00    0.00    0.00    0.00  100.00
Average:     CPU    %usr   %nice    %sys %iowait    %irq   %soft  %steal  %guest   %idle
Average:     all    0.00    0.00    0.00    0.00    0.00    0.00    0.00    0.00  100.00
Average:       0    0.00    0.00    0.00    0.00    0.00    0.00    0.00    0.00  100.00
Average:       1    0.00    0.00    0.00    0.00    0.00    0.00    0.00    0.00  100.00
Average:       2    0.00    0.00    0.00    0.00    0.00    0.00    0.00    0.00  100.00
Average:       3    0.00    0.00    0.00    0.00    0.00    0.00    0.00    0.00  100.00
Average:     CPU    %usr   %nice    %sys %iowait    %irq   %soft  %steal  %guest   %idle
Average:     all    0.00    0.00    0.00    0.00    0.00    0.00    0.00    0.00  100.00
Average:       0    0.00    0.00    0.00    0.00    0.00    0.00    0.00    0.00  100.00
Average:       1    0.00    0.00    0.00    0.00    0.00    0.00    0.00    0.00  100.00
Average:       2    0.00    0.00    0.00    0.00    0.00    0.00    0.00    0.00  100.00
Average:       3    0.00    0.00    0.50    0.00    0.00    0.00    0.00    0.00   99.50
Average:     CPU    %usr   %nice    %sys %iowait    %irq   %soft  %steal  %guest   %idle
Average:     all    0.00    0.00    0.12    0.00    0.00    0.00    0.00    0.00   99.88
Average:       0    0.00    0.00    0.00    0.00    0.00    0.00    0.00    0.00  100.00
Average:       1    0.00    0.00    0.50    0.00    0.00    0.00    0.00    0.00   99.50
Average:       2    0.00    0.00    0.00    0.00    0.00    0.00    0.00    0.00  100.00
Average:       3    0.00    0.00    0.00    0.00    0.00    0.00    0.00    0.00  100.00
Average:     CPU    %usr   %nice    %sys %iowait    %irq   %soft  %steal  %guest   %idle
Average:     all    0.12    0.00    0.12    0.00    0.00    0.00    0.00    0.00   99.75
Average:       0    0.00    0.00    0.00    0.00    0.00    0.00    0.00    0.00  100.00
Average:       1    0.50    0.00    0.00    0.00    0.00    0.00    0.00    0.00   99.50
Average:       2    0.00    0.00    0.00    0.00    0.00    0.00    0.00    0.00  100.00
Average:       3    0.00    0.00    0.00    0.00    0.00    0.00    0.00    0.00  100.00
Average:     CPU    %usr   %nice    %sys %iowait    %irq   %soft  %steal  %guest   %idle
Average:     all    0.12    0.00    0.00    0.00    0.00    0.00    0.00    0.00   99.88
Average:       0    0.00    0.00    0.00    0.00    0.00    0.00    0.00    0.00  100.00
Average:       1    0.50    0.00    0.50    0.00    0.00    0.00    0.00    0.00   99.01
Average:       2    0.00    0.00    0.00    0.00    0.00    0.00    0.00    0.00  100.00
Average:       3    0.00    0.00    0.00    0.00    0.00    0.00    0.00    0.00  100.00
Average:     CPU    %usr   %nice    %sys %iowait    %irq   %soft  %steal  %guest   %idle
Average:     all    0.00    0.00    0.63    3.38    0.00    0.00    0.00    0.00   95.99
Average:       0    0.00    0.00    1.02   13.20    0.00    0.00    0.00    0.00   85.79
Average:       1    0.00    0.00    0.50    0.00    0.00    0.00    0.00    0.00   99.50
Average:       2    0.00    0.00    0.00    0.50    0.00    0.00    0.00    0.00   99.50
Average:       3    0.00    0.00    0.50    0.00    0.00    0.00    0.00    0.00   99.50
Average:     CPU    %usr   %nice    %sys %iowait    %irq   %soft  %steal  %guest   %idle
Average:     all    0.00    0.00    0.63    3.38    0.00    0.00    0.00    0.00   95.99
Average:       0    0.00    0.00    1.02   13.20    0.00    0.00    0.00    0.00   85.79
Average:       1    0.00    0.00    0.50    0.00    0.00    0.00    0.00    0.00   99.50
Average:       2    0.00    0.00    0.00    0.50    0.00    0.00    0.00    0.00   99.50
Average:       3    0.00    0.00    0.50    0.00    0.00    0.00    0.00    0.00   99.50
Average:     CPU    %usr   %nice    %sys %iowait    %irq   %soft  %steal  %guest   %idle
Average:     all   19.52    0.00    4.63    0.88    0.00    0.00    0.00    0.00   74.97
Average:       0   78.79    0.00   17.68    3.54    0.00    0.00    0.00    0.00    0.00
Average:       1    0.00    0.00    0.00    0.00    0.00    0.00    0.00    0.00  100.00
Average:       2    0.00    0.00    0.00    0.00    0.00    0.00    0.00    0.00  100.00
Average:       3    0.00    0.00    0.50    0.00    0.00    0.00    0.00    0.00   99.50
Average:     CPU    %usr   %nice    %sys %iowait    %irq   %soft  %steal  %guest   %idle
Average:     all   19.52    0.00    4.63    0.88    0.00    0.00    0.00    0.00   74.97
Average:       0   78.79    0.00   17.68    3.54    0.00    0.00    0.00    0.00    0.00
Average:       1    0.00    0.00    0.00    0.00    0.00    0.00    0.00    0.00  100.00
Average:       2    0.00    0.00    0.00    0.00    0.00    0.00    0.00    0.00  100.00
Average:       3    0.00    0.00    0.50    0.00    0.00    0.00    0.00    0.00   99.50
Average:     CPU    %usr   %nice    %sys %iowait    %irq   %soft  %steal  %guest   %idle
Average:     all    0.00    0.00    0.25    0.00    0.00    0.00    0.00    0.00   99.75
Average:       0    0.00    0.00    0.50    0.50    0.00    0.00    0.00    0.00   99.01
Average:       1    0.00    0.00    0.50    0.00    0.00    0.00    0.00    0.00   99.50
Average:       2    0.00    0.00    0.00    0.00    0.00    0.00    0.00    0.00  100.00
Average:       3    0.00    0.00    0.00    0.00    0.00    0.00    0.00    0.00  100.00
Average:     CPU    %usr   %nice    %sys %iowait    %irq   %soft  %steal  %guest   %idle
Average:     all    0.00    0.00    0.25    0.00    0.00    0.00    0.00    0.00   99.75
Average:       0    0.00    0.00    0.50    0.50    0.00    0.00    0.00    0.00   99.01
Average:       1    0.00    0.00    0.50    0.00    0.00    0.00    0.00    0.00   99.50
Average:       2    0.00    0.00    0.00    0.00    0.00    0.00    0.00    0.00  100.00
Average:       3    0.00    0.00    0.00    0.00    0.00    0.00    0.00    0.00  100.00
Average:     CPU    %usr   %nice    %sys %iowait    %irq   %soft  %steal  %guest   %idle
Average:     all    0.00    0.00    0.12    0.00    0.00    0.00    0.00    0.00   99.88
Average:       0    0.00    0.00    0.00    0.00    0.00    0.00    0.00    0.00  100.00
Average:       1    0.00    0.00    0.00    0.00    0.00    0.00    0.00    0.00  100.00
Average:       2    0.00    0.00    0.00    0.00    0.00    0.00    0.00    0.00  100.00
Average:       3    0.00    0.00    0.00    0.00    0.00    0.00    0.00    0.00  100.00
Average:     CPU    %usr   %nice    %sys %iowait    %irq   %soft  %steal  %guest   %idle
Average:     all    0.00    0.00    0.13    0.00    0.00    0.00    0.00    0.00   99.87
Average:       0    0.00    0.00    0.00    0.00    0.00    0.00    0.00    0.00  100.00
Average:       1    0.00    0.00    0.00    0.00    0.00    0.00    0.00    0.00  100.00
Average:       2    0.00    0.00    0.00    0.00    0.00    0.00    0.00    0.00  100.00
Average:       3    0.00    0.00    0.00    0.00    0.00    0.00    0.00    0.00  100.00
Average:     CPU    %usr   %nice    %sys %iowait    %irq   %soft  %steal  %guest   %idle
Average:     all    0.00    0.00    0.12    0.00    0.00    0.00    0.00    0.00   99.88
Average:       0    0.00    0.00    0.50    0.00    0.00    0.00    0.00    0.00   99.50
Average:       1    0.00    0.00    0.00    0.00    0.00    0.00    0.00    0.00  100.00
Average:       2    0.00    0.00    0.50    0.00    0.00    0.00    0.00    0.00   99.50
Average:       3    0.00    0.00    0.50    0.00    0.00    0.00    0.00    0.00   99.50
Average:     CPU    %usr   %nice    %sys %iowait    %irq   %soft  %steal  %guest   %idle
Average:     all    0.00    0.00    0.37    0.00    0.00    0.00    0.00    0.00   99.63
Average:       0    0.00    0.00    0.50    0.00    0.00    0.00    0.00    0.00   99.50
Average:       1    0.00    0.00    0.00    0.00    0.00    0.00    0.00    0.00  100.00
Average:       2    0.00    0.00    0.50    0.00    0.00    0.00    0.00    0.00   99.50
Average:       3    0.00    0.00    0.50    0.00    0.00    0.00    0.00    0.00   99.50
Average:     CPU    %usr   %nice    %sys %iowait    %irq   %soft  %steal  %guest   %idle
Average:     all    0.00    0.00    0.25    0.00    0.00    0.00    0.00    0.00   99.75
Average:       0    0.00    0.00    0.00    0.00    0.00    0.00    0.00    0.00  100.00
Average:       1    0.00    0.00    0.50    0.00    0.00    0.00    0.00    0.00   99.50
Average:       2    0.00    0.00    0.50    0.00    0.00    0.00    0.00    0.00   99.50
Average:       3    0.00    0.00    0.00    0.00    0.00    0.00    0.00    0.00  100.00
Average:     CPU    %usr   %nice    %sys %iowait    %irq   %soft  %steal  %guest   %idle
Average:     all    0.00    0.00    0.12    0.00    0.00    0.00    0.00    0.00   99.88
Average:       0    0.00    0.00    0.50    0.00    0.00    0.00    0.00    0.00   99.50
Average:       1    0.00    0.00    0.50    0.00    0.00    0.00    0.00    0.00   99.50
Average:       2    0.00    0.00    0.50    0.00    0.00    0.00    0.00    0.00   99.50
Average:       3    0.00    0.00    0.00    0.00    0.00    0.00    0.00    0.00  100.00
Average:     CPU    %usr   %nice    %sys %iowait    %irq   %soft  %steal  %guest   %idle
Average:     all    0.00    0.00    0.12    0.00    0.00    0.00    0.00    0.00   99.88
Average:       0    0.00    0.00    0.00    0.00    0.00    0.00    0.00    0.00  100.00
Average:       1    0.00    0.00    0.00    0.00    0.00    0.00    0.00    0.00  100.00
Average:       2    0.00    0.00    0.50    0.00    0.00    0.00    0.00    0.00   99.50
Average:       3    0.00    0.00    0.00    0.00    0.00    0.00    0.00    0.00  100.00
Average:     CPU    %usr   %nice    %sys %iowait    %irq   %soft  %steal  %guest   %idle
Average:     all    0.00    0.00    0.25    0.00    0.00    0.00    0.00    0.00   99.75
Average:       0    0.00    0.00    0.00    0.00    0.00    0.00    0.00    0.00  100.00
Average:       1    0.00    0.00    0.00    0.00    0.00    0.00    0.00    0.00  100.00
Average:       2    0.00    0.00    0.50    0.00    0.00    0.00    0.00    0.00   99.50
Average:       3    0.00    0.00    0.00    0.00    0.00    0.00    0.00    0.00  100.00
Average:     CPU    %usr   %nice    %sys %iowait    %irq   %soft  %steal  %guest   %idle
Average:     all    0.00    0.00    0.12    0.00    0.00    0.00    0.00    0.00   99.88
Average:       0    0.00    0.00    0.00    0.00    0.00    0.00    0.00    0.00  100.00
Average:       1    0.00    0.00    0.00    0.00    0.00    0.00    0.00    0.00  100.00
Average:       2    0.00    0.00    0.00    0.00    0.00    0.00    0.00    0.00  100.00
Average:       3    0.00    0.00    0.00    0.00    0.00    0.00    0.00    0.00  100.00
Average:     CPU    %usr   %nice    %sys %iowait    %irq   %soft  %steal  %guest   %idle
Average:     all    0.00    0.00    0.13    0.00    0.00    0.00    0.00    0.00   99.87
Average:       0    0.00    0.00    0.00    0.00    0.00    0.00    0.00    0.00  100.00
Average:       1    0.00    0.00    0.00    0.00    0.00    0.00    0.00    0.00  100.00
Average:       2    0.00    0.00    0.00    0.00    0.00    0.00    0.00    0.00  100.00
Average:       3    0.00    0.00    0.00    0.00    0.00    0.00    0.00    0.00  100.00
Average:     CPU    %usr   %nice    %sys %iowait    %irq   %soft  %steal  %guest   %idle
Average:     all    0.13    0.00    0.13    0.00    0.00    0.00    0.00    0.00   99.75
Average:       0    0.00    0.00    0.00    0.00    0.00    0.00    0.00    0.00  100.00
Average:       1    0.00    0.00    0.00    0.00    0.00    0.00    0.00    0.00  100.00
Average:       2    0.00    0.00    0.50    0.00    0.00    0.00    0.00    0.00   99.50
Average:       3    0.50    0.00    0.00    0.00    0.00    0.00    0.00    0.00   99.50
Average:     CPU    %usr   %nice    %sys %iowait    %irq   %soft  %steal  %guest   %idle
Average:     all    0.00    0.00    0.12    0.00    0.00    0.00    0.00    0.00   99.88
Average:       0    0.00    0.00    0.00    0.00    0.00    0.00    0.00    0.00  100.00
Average:       1    0.00    0.00    0.50    0.00    0.00    0.00    0.00    0.00   99.50
Average:       2    0.00    0.00    0.50    0.00    0.00    0.00    0.00    0.00   99.50
Average:       3    0.00    0.00    0.00    0.00    0.00    0.00    0.00    0.00  100.00
