Average:     CPU    %usr   %nice    %sys %iowait    %irq   %soft  %steal  %guest   %idle
Average:     all   15.04    0.00    0.75    9.40    0.00    0.00    0.00    0.00   74.81
Average:       0   60.10    0.00    2.02   36.36    0.00    0.00    0.00    0.00    1.52
Average:       1    0.00    0.00    0.00    0.50    0.00    0.00    0.00    0.00   99.50
Average:       2    0.00    0.00    0.50    0.50    0.00    0.00    0.00    0.00   99.00
Average:       3    0.50    0.00    0.00    0.50    0.00    0.00    0.00    0.00   99.00
Average:     CPU    %usr   %nice    %sys %iowait    %irq   %soft  %steal  %guest   %idle
Average:     all   23.93    0.00    0.38    1.00    0.00    0.00    0.00    0.00   74.69
Average:       0   95.48    0.00    1.01    3.52    0.00    0.00    0.00    0.00    0.00
Average:       1    0.00    0.00    0.00    1.00    0.00    0.00    0.00    0.00   99.00
Average:       2    0.00    0.00    0.00    0.00    0.00    0.00    0.00    0.00  100.00
Average:       3    0.50    0.00    0.50    0.00    0.00    0.00    0.00    0.00   99.00
Average:     CPU    %usr   %nice    %sys %iowait    %irq   %soft  %steal  %guest   %idle
Average:     all   24.41    0.00    0.38    0.25    0.00    0.00    0.00    0.00   74.97
Average:       0   97.50    0.00    1.00    1.50    0.00    0.00    0.00    0.00    0.00
Average:       1    0.00    0.00    0.00    0.00    0.00    0.00    0.00    0.00  100.00
Average:       2    0.00    0.00    0.50    0.00    0.00    0.00    0.00    0.00   99.50
Average:       3    0.00    0.00    0.00    0.00    0.00    0.00    0.00    0.00  100.00
Average:     CPU    %usr   %nice    %sys %iowait    %irq   %soft  %steal  %guest   %idle
Average:     all   23.85    0.00    0.62    1.12    0.00    0.00    0.00    0.00   74.41
Average:       0   95.02    0.00    1.00    3.98    0.00    0.00    0.00    0.00    0.00
Average:       1    0.00    0.00    0.50    1.00    0.00    0.00    0.00    0.00   98.50
Average:       2    0.00    0.00    0.50    0.00    0.00    0.00    0.00    0.00   99.50
Average:       3    0.00    0.00    0.50    0.00    0.00    0.00    0.00    0.00   99.50
Average:     CPU    %usr   %nice    %sys %iowait    %irq   %soft  %steal  %guest   %idle
Average:     all   24.62    0.00    0.38    0.00    0.00    0.00    0.00    0.00   75.00
Average:       0   98.99    0.00    1.01    0.00    0.00    0.00    0.00    0.00    0.00
Average:       1    0.00    0.00    0.00    0.00    0.00    0.00    0.00    0.00  100.00
Average:       2    0.00    0.00    0.00    0.00    0.00    0.00    0.00    0.00  100.00
Average:       3    0.00    0.00    0.50    0.00    0.00    0.00    0.00    0.00   99.50
Average:     CPU    %usr   %nice    %sys %iowait    %irq   %soft  %steal  %guest   %idle
Average:     all   25.00    0.00    0.12    0.00    0.00    0.00    0.00    0.00   74.88
Average:       0    0.00    0.00    0.50    0.00    0.00    0.00    0.00    0.00   99.50
Average:       1   99.50    0.00    0.50    0.00    0.00    0.00    0.00    0.00    0.00
Average:       2    0.50    0.00    0.00    0.00    0.00    0.00    0.00    0.00   99.50
Average:       3    0.00    0.00    0.00    0.00    0.00    0.00    0.00    0.00  100.00
Average:     CPU    %usr   %nice    %sys %iowait    %irq   %soft  %steal  %guest   %idle
Average:     all   23.78    0.00    0.50    1.50    0.00    0.00    0.13    0.00   74.09
Average:       0    0.00    0.00    0.00    5.53    0.00    0.00    0.00    0.00   94.47
Average:       1   95.48    0.00    1.51    0.50    0.00    0.00    0.00    0.00    2.51
Average:       2    0.00    0.00    0.50    0.00    0.00    0.00    0.00    0.00   99.50
Average:       3    0.00    0.00    0.50    0.00    0.00    0.00    0.00    0.00   99.50
Average:     CPU    %usr   %nice    %sys %iowait    %irq   %soft  %steal  %guest   %idle
Average:     all    4.74    0.00    1.25    1.25    0.00    0.00    0.00    0.00   92.77
Average:       0    0.00    0.00    1.01    3.52    0.00    0.00    0.00    0.00   95.48
Average:       1    0.00    0.00    1.00    0.50    0.00    0.00    0.00    0.00   98.51
Average:       2   17.50    0.00    1.50    1.50    0.00    0.00    0.00    0.00   79.50
Average:       3    0.50    0.00    1.49    0.00    0.00    0.00    0.00    0.00   98.01
