Average:       2   92.96    0.00    0.00    0.00    0.00    0.00    0.00    0.00    0.00    7.04
Average:       3   92.54    0.00    0.50    0.00    0.00    0.00    0.00    0.00    0.00    6.97
Average:       4   92.50    0.00    0.50    0.00    0.00    0.00    0.00    0.00    0.00    7.00
Average:       5   92.54    0.00    0.50    0.00    0.00    0.00    0.00    0.00    0.00    6.97
Average:       6   93.00    0.00    0.00    0.00    0.00    0.00    0.00    0.00    0.00    7.00
Average:       7   92.54    0.00    0.50    0.00    0.00    0.00    0.00    0.00    0.00    6.97
Average:       2   88.56    0.00    0.50    0.00    0.00    0.00    0.00    0.00    0.00   10.95
Average:       3   93.00    0.00    0.50    0.00    0.00    0.00    0.00    0.00    0.00    6.50
Average:       4   94.00    0.00    1.00    0.00    0.00    0.00    0.00    0.00    0.00    5.00
Average:       5   92.46    0.00    0.00    0.00    0.00    0.00    0.00    0.00    0.00    7.54
Average:       6   92.00    0.00    1.00    0.00    0.00    0.00    0.00    0.00    0.00    7.00
Average:       7   88.50    0.00    0.00    0.00    0.00    0.00    0.00    0.00    0.00   11.50
Average:       2   99.50    0.00    0.50    0.00    0.00    0.00    0.00    0.00    0.00    0.00
Average:       3  100.00    0.00    0.00    0.00    0.00    0.00    0.00    0.00    0.00    0.00
Average:       4  100.00    0.00    0.00    0.00    0.00    0.00    0.00    0.00    0.00    0.00
Average:       5  100.00    0.00    0.00    0.00    0.00    0.00    0.00    0.00    0.00    0.00
Average:       6   99.50    0.00    0.00    0.00    0.00    0.00    0.00    0.00    0.00    0.50
Average:       7   99.50    0.00    0.50    0.00    0.00    0.00    0.00    0.00    0.00    0.00
