Average:       2    0.00    0.00    0.00    0.00    0.00    0.00    0.00    0.00    0.00  100.00
Average:       3    0.00    0.00    0.00    0.00    0.00    0.00    0.00    0.00    0.00  100.00
Average:       4    0.00    0.00    0.00    0.00    0.00    0.00    0.00    0.00    0.00  100.00
Average:       5    0.00    0.00    0.00    0.00    0.00    0.00    0.00    0.00    0.00  100.00
Average:       6    0.00    0.00    0.00    0.00    0.00    0.00    0.00    0.00    0.00  100.00
Average:       7    0.00    0.00    0.00    0.00    0.00    0.00    0.00    0.00    0.00  100.00
Average:       2    0.00    0.00    0.00    0.00    0.00    0.00    0.00    0.00    0.00  100.00
Average:       3    0.00    0.00    0.00    0.00    0.00    0.00    0.00    0.00    0.00  100.00
Average:       4   11.06    0.00    2.01    0.00    0.00    0.00    0.00    0.00    0.00   86.93
Average:       5    0.00    0.00    0.00    0.00    0.00    0.00    0.00    0.00    0.00  100.00
Average:       6    0.00    0.00    0.00    0.00    0.00    0.00    0.00    0.00    0.00  100.00
Average:       7    0.00    0.00    0.00    0.00    0.00    0.00    0.00    0.00    0.00  100.00
Average:       2   87.00    0.00    0.50    0.00    0.00    0.00    0.00    0.00    0.00   12.50
Average:       3   92.00    0.00    0.00    0.00    0.00    0.00    0.00    0.00    0.00    8.00
Average:       4   93.00    0.00    0.00    0.00    0.00    0.00    0.00    0.00    0.00    7.00
Average:       5   87.00    0.00    0.50    0.00    0.00    0.00    0.00    0.00    0.00   12.50
Average:       6   89.00    0.00    0.00    0.00    0.00    0.00    0.00    0.00    0.00   11.00
Average:       7   91.09    0.00    0.00    0.00    0.00    0.00    0.50    0.00    0.00    8.42
Average:       2   89.50    0.00    0.00    0.00    0.00    0.00    0.00    0.00    0.00   10.50
Average:       3   94.47    0.00    0.00    0.00    0.00    0.00    0.00    0.00    0.00    5.53
Average:       4   91.96    0.00    1.01    0.00    0.00    0.00    0.00    0.00    0.00    7.04
Average:       5   88.44    0.00    0.00    0.00    0.00    0.00    0.00    0.00    0.00   11.56
Average:       6   88.00    0.00    0.00    0.00    0.00    0.00    0.00    0.00    0.00   12.00
Average:       7   88.06    0.00    1.00    0.00    0.00    0.00    0.00    0.00    0.00   10.95
Average:       2   42.00    0.00    1.00    0.00    0.00    0.00    0.00    0.00    0.00   57.00
Average:       3   42.50    0.00    0.50    0.00    0.00    0.00    0.00    0.00    0.00   57.00
Average:       4   56.00    0.00    3.00    0.00    0.00    0.00    0.00    0.00    0.00   41.00
Average:       5   42.42    0.00    0.51    0.00    0.00    0.00    0.00    0.00    0.00   57.07
Average:       6   35.68    0.00    0.50    0.00    0.00    0.00    0.00    0.00    0.00   63.82
Average:       7   39.00    0.00    1.00    0.00    0.00    0.00    0.00    0.00    0.00   60.00
Average:       2   39.70    0.00    2.01    0.00    0.00    0.00    0.00    0.00    0.00   58.29
Average:       3   29.50    0.00    0.50    0.00    0.00    0.00    0.00    0.00    0.00   70.00
Average:       4    6.06    0.00    0.00    0.00    0.00    0.00    0.00    0.00    0.00   93.94
Average:       5    4.04    0.00    0.00    0.00    0.00    0.00    0.00    0.00    0.00   95.96
Average:       6    4.04    0.00    0.51    0.00    0.00    0.00    0.00    0.00    0.00   95.45
Average:       7   21.21    0.00    2.53    0.00    0.00    0.00    0.00    0.00    0.00   76.26
Average:       2    6.06    0.00    0.00    0.00    0.00    0.00    0.00    0.00    0.00   93.94
Average:       3    4.59    0.00    0.00    0.00    0.00    0.00    0.00    0.00    0.00   95.41
Average:       4   10.61    0.00    0.00    0.00    0.00    0.00    0.00    0.00    0.00   89.39
Average:       5    4.57    0.00    0.00    0.00    0.00    0.00    0.00    0.00    0.00   95.43
Average:       6   11.06    0.00    0.50    0.00    0.00    0.00    0.00    0.00    0.00   88.44
Average:       7   67.50    0.00    4.50    0.00    0.00    0.00    0.00    0.00    0.00   28.00
Average:       2   23.86    0.00    1.52    0.00    0.00    0.00    0.00    0.00    0.00   74.62
Average:       3    4.04    0.00    0.00    0.00    0.00    0.00    0.00    0.00    0.00   95.96
Average:       4   39.50    0.00    2.00    0.00    0.00    0.00    0.00    0.00    0.00   58.50
Average:       5   11.06    0.00    0.50    0.00    0.00    0.00    0.00    0.00    0.00   88.44
Average:       6   10.50    0.00    1.00    0.00    0.00    0.00    0.00    0.00    0.00   88.50
Average:       7    8.96    0.00    1.00    0.00    0.00    0.00    0.00    0.00    0.00   90.05
Average:       2   14.00    0.00    1.00    0.00    0.00    0.00    0.00    0.00    0.00   85.00
Average:       3    5.03    0.00    0.50    0.00    0.00    0.00    0.00    0.00    0.00   94.47
Average:       4   18.27    0.00    1.02    0.00    0.00    0.00    0.00    0.00    0.00   80.71
Average:       5    3.05    0.00    0.51    0.00    0.00    0.00    0.00    0.00    0.00   96.45
Average:       6    6.53    0.00    0.00    0.00    0.00    0.00    0.00    0.00    0.00   93.47
Average:       7   46.50    0.00    2.50    0.00    0.00    0.00    0.00    0.00    0.00   51.00
Average:       2    8.59    0.00    0.00    0.00    0.00    0.00    0.00    0.00    0.00   91.41
Average:       3    5.58    0.00    0.00    0.00    0.00    0.00    0.00    0.00    0.00   94.42
Average:       4   24.38    0.00    0.50    0.00    0.00    0.00    0.00    0.00    0.00   75.12
Average:       5   14.65    0.00    0.51    0.00    0.00    0.00    0.00    0.00    0.00   84.85
Average:       6    9.60    0.00    1.01    0.00    0.00    0.00    0.00    0.00    0.00   89.39
Average:       7   41.41    0.00    2.02    0.00    0.00    0.00    0.00    0.00    0.00   56.57
Average:       2   17.59    0.00    1.01    0.00    0.00    0.00    0.00    0.00    0.00   81.41
Average:       3    7.07    0.00    1.01    0.00    0.00    0.00    0.00    0.00    0.00   91.92
Average:       4   10.10    0.00    0.51    0.00    0.00    0.00    0.00    0.00    0.00   89.39
Average:       5    3.54    0.00    1.52    0.00    0.00    0.00    0.00    0.00    0.00   94.95
Average:       6   33.33    0.00    3.03    0.00    0.00    0.00    0.00    0.00    0.00   63.64
Average:       7   31.84    0.00    1.00    0.00    0.00    0.00    0.00    0.00    0.00   67.16
Average:       2    5.53    0.00    0.50    0.00    0.00    0.00    0.00    0.00    0.00   93.97
Average:       3    4.50    0.00    0.00    0.00    0.00    0.00    0.00    0.00    0.00   95.50
Average:       4   37.31    0.00    1.99    0.00    0.00    0.00    0.00    0.00    0.00   60.70
Average:       5    8.50    0.00    0.50    0.00    0.00    0.00    0.00    0.00    0.00   91.00
Average:       6    6.60    0.00    0.00    0.00    0.00    0.00    0.00    0.00    0.00   93.40
Average:       7    5.53    0.00    0.00    0.00    0.00    0.00    0.00    0.00    0.00   94.47
Average:       2    3.57    0.00    0.51    0.00    0.00    0.00    0.00    0.00    0.00   95.92
Average:       3    3.03    0.00    0.00    0.00    0.00    0.00    0.00    0.00    0.00   96.97
Average:       4   16.67    0.00    0.51    0.00    0.00    0.00    0.00    0.00    0.00   82.83
Average:       5   32.16    0.00    1.51    0.00    0.00    0.00    0.00    0.00    0.00   66.33
Average:       6   22.22    0.00    1.01    0.00    0.00    0.00    0.00    0.00    0.00   76.77
Average:       7   27.27    0.00    1.52    0.00    0.00    0.00    0.00    0.00    0.00   71.21
Average:       2   11.11    0.00    0.51    0.00    0.00    0.00    0.00    0.00    0.00   88.38
Average:       3   38.89    0.00    1.52    0.00    0.00    0.00    0.00    0.00    0.00   59.60
Average:       4   18.27    0.00    1.02    0.00    0.00    0.00    0.00    0.00    0.00   80.71
Average:       5   16.08    0.00    0.50    0.00    0.00    0.00    0.00    0.00    0.00   83.42
Average:       6   22.73    0.00    1.01    0.00    0.00    0.00    0.00    0.00    0.00   76.26
Average:       7    7.04    0.00    0.00    0.00    0.00    0.00    0.00    0.00    0.00   92.96
Average:       2    4.02    0.00    0.00    0.00    0.00    0.00    0.00    0.00    0.00   95.98
Average:       3   32.66    0.00    1.51    0.00    0.00    0.00    0.00    0.00    0.00   65.83
Average:       4   14.07    0.00    0.50    0.00    0.00    0.00    0.00    0.00    0.00   85.43
Average:       5   11.06    0.00    0.00    0.00    0.00    0.00    0.00    0.00    0.00   88.94
Average:       6   23.12    0.00    1.01    0.00    0.00    0.00    0.00    0.00    0.00   75.88
Average:       7   28.64    0.00    1.01    0.00    0.00    0.00    0.00    0.00    0.00   70.35
Average:       2    4.04    0.00    0.00    0.00    0.00    0.00    0.00    0.00    0.00   95.96
Average:       3    3.02    0.00    0.50    0.00    0.00    0.00    0.00    0.00    0.00   96.48
Average:       4   11.56    0.00    0.50    0.00    0.00    0.00    0.00    0.00    0.00   87.94
Average:       5   66.00    0.00    3.50    0.00    0.00    0.00    0.00    0.00    0.00   30.50
Average:       6    9.00    0.00    0.00    0.00    0.00    0.00    0.00    0.00    0.00   91.00
Average:       7   13.50    0.00    0.00    0.00    0.00    0.00    0.00    0.00    0.00   86.50
Average:       2    5.03    0.00    0.00    0.00    0.00    0.00    0.00    0.00    0.00   94.97
Average:       3   13.07    0.00    0.50    0.00    0.00    0.00    0.00    0.00    0.00   86.43
Average:       4   24.24    0.00    1.52    0.00    0.00    0.00    0.00    0.00    0.00   74.24
Average:       5    5.56    0.00    0.00    0.00    0.00    0.00    0.00    0.00    0.00   94.44
Average:       6   30.30    0.00    1.01    0.00    0.00    0.00    0.00    0.00    0.00   68.69
Average:       7   10.55    0.00    1.01    0.00    0.00    0.00    0.00    0.00    0.00   88.44
Average:       2   26.26    0.00    0.51    0.00    0.00    0.00    0.00    0.00    0.00   73.23
Average:       3   15.00    0.00    0.50    0.00    0.00    0.00    0.00    0.00    0.00   84.50
Average:       4    4.55    0.00    0.00    0.00    0.00    0.00    0.00    0.00    0.00   95.45
Average:       5   43.22    0.00    2.01    0.00    0.00    0.00    0.00    0.00    0.00   54.77
Average:       6    9.00    0.00    0.00    0.00    0.00    0.00    0.00    0.00    0.00   91.00
Average:       7    6.47    0.00    0.50    0.00    0.00    0.00    0.50    0.00    0.00   92.54
Average:       2    9.55    0.00    0.50    0.50    0.00    0.00    0.00    0.00    0.00   89.45
Average:       3    5.56    0.00    0.51    0.00    0.00    0.00    0.00    0.00    0.00   93.94
Average:       4   35.00    0.00    1.00    0.00    0.00    0.00    0.00    0.00    0.00   64.00
Average:       5   29.29    0.00    2.02    0.00    0.00    0.00    0.00    0.00    0.00   68.69
Average:       6    6.53    0.00    0.50    0.00    0.00    0.00    0.00    0.00    0.00   92.96
Average:       7   16.58    0.00    1.01    0.00    0.00    0.00    0.00    0.00    0.00   82.41
Average:       2   30.15    0.00    2.01    0.00    0.00    0.00    0.00    0.00    0.00   67.84
Average:       3    5.53    0.00    0.00    0.00    0.00    0.00    0.00    0.00    0.00   94.47
Average:       4    6.06    0.00    0.00    0.00    0.00    0.00    0.00    0.00    0.00   93.94
Average:       5    8.04    0.00    1.01    0.00    0.00    0.00    0.00    0.00    0.00   90.95
Average:       6   17.68    0.00    1.52    0.00    0.00    0.00    0.00    0.00    0.00   80.81
Average:       7   28.64    0.00    1.01    0.00    0.00    0.00    0.00    0.00    0.00   70.35
Average:       2   10.66    0.00    0.00    0.00    0.00    0.00    0.00    0.00    0.00   89.34
Average:       3   30.65    0.00    1.51    0.00    0.00    0.00    0.00    0.00    0.00   67.84
Average:       4   11.56    0.00    0.00    0.00    0.00    0.00    0.00    0.00    0.00   88.44
Average:       5   15.08    0.00    0.50    0.00    0.00    0.00    0.00    0.00    0.00   84.42
Average:       6   12.56    0.00    0.50    0.00    0.00    0.00    0.00    0.00    0.00   86.93
Average:       7   19.10    0.00    0.50    0.00    0.00    0.00    0.00    0.00    0.00   80.40
Average:       2   18.18    0.00    0.51    0.00    0.00    0.00    0.00    0.00    0.00   81.31
Average:       3   26.13    0.00    1.01    0.00    0.00    0.00    0.00    0.00    0.00   72.86
Average:       4   15.58    0.00    1.51    0.00    0.00    0.00    0.00    0.00    0.00   82.91
Average:       5   17.09    0.00    1.51    0.00    0.00    0.00    0.00    0.00    0.00   81.41
Average:       6   15.15    0.00    0.51    0.00    0.00    0.00    0.00    0.00    0.00   84.34
Average:       7    5.05    0.00    0.00    0.00    0.00    0.00    0.00    0.00    0.00   94.95
Average:       2    7.58    0.00    0.51    0.00    0.00    0.00    0.00    0.00    0.00   91.92
Average:       3   28.14    0.00    1.51    0.00    0.00    0.00    0.00    0.00    0.00   70.35
Average:       4   20.90    0.00    1.00    0.00    0.00    0.00    0.00    0.00    0.00   78.11
Average:       5    9.50    0.00    0.50    0.00    0.00    0.00    0.00    0.00    0.00   90.00
Average:       6    3.02    0.00    0.00    0.00    0.00    0.00    0.00    0.00    0.00   96.98
Average:       7   32.16    0.00    3.02    0.00    0.00    0.00    0.00    0.00    0.00   64.82
Average:       2   14.00    0.00    1.00    0.00    0.00    0.00    0.00    0.00    0.00   85.00
Average:       3   28.28    0.00    1.01    0.00    0.00    0.00    0.00    0.00    0.00   70.71
Average:       4    9.05    0.00    0.50    0.00    0.00    0.00    0.00    0.00    0.00   90.45
Average:       5    4.52    0.00    0.00    0.00    0.00    0.00    0.00    0.00    0.00   95.48
Average:       6   18.59    0.00    2.01    0.00    0.00    0.00    0.00    0.00    0.00   79.40
Average:       7   11.50    0.00    0.50    0.00    0.00    0.00    0.00    0.00    0.00   88.00
Average:       2   11.11    0.00    0.00    0.00    0.00    0.00    0.00    0.00    0.00   88.89
Average:       3   47.24    0.00    4.02    0.00    0.00    0.00    0.00    0.00    0.00   48.74
Average:       4    7.96    0.00    0.00    0.00    0.00    0.00    0.00    0.00    0.00   92.04
Average:       5   13.50    0.00    0.50    0.00    0.00    0.00    0.00    0.00    0.00   86.00
Average:       6    8.04    0.00    0.50    0.00    0.00    0.00    0.00    0.00    0.00   91.46
Average:       7    3.54    0.00    0.51    0.00    0.00    0.00    0.00    0.00    0.00   95.96
Average:       2   21.61    0.00    1.51    0.00    0.00    0.00    0.00    0.00    0.00   76.88
Average:       3    4.52    0.00    1.01    0.00    0.00    0.00    0.00    0.00    0.00   94.47
Average:       4    3.02    0.00    1.01    0.00    0.00    0.00    0.00    0.00    0.00   95.98
Average:       5   21.21    0.00    2.02    0.00    0.00    0.00    0.00    0.00    0.00   76.77
Average:       6   41.92    0.00    2.53    0.00    0.00    0.00    0.00    0.00    0.00   55.56
Average:       7   16.75    0.00    1.52    0.00    0.00    0.00    0.00    0.00    0.00   81.73
Average:       2   11.06    0.00    0.00    0.00    0.00    0.00    0.00    0.00    0.00   88.94
Average:       3    4.55    0.00    0.00    0.00    0.00    0.00    0.51    0.00    0.00   94.95
Average:       4   47.72    0.00    1.02    0.00    0.00    0.00    0.00    0.00    0.00   51.27
Average:       5    6.00    0.00    0.00    0.00    0.00    0.00    0.00    0.00    0.00   94.00
Average:       6    4.04    0.00    0.00    0.00    0.00    0.00    0.00    0.00    0.00   95.96
Average:       7   40.70    0.00    1.51    0.00    0.00    0.00    0.00    0.00    0.00   57.79
Average:       2    4.00    0.00    0.50    0.00    0.00    0.00    0.00    0.00    0.00   95.50
Average:       3   33.50    0.00    1.50    0.50    0.00    0.00    0.00    0.00    0.00   64.50
Average:       4    5.03    0.00    0.50    0.00    0.00    0.00    0.00    0.00    0.00   94.47
Average:       5   10.61    0.00    0.51    0.00    0.00    0.00    0.00    0.00    0.00   88.89
Average:       6   12.06    0.00    0.50    0.00    0.00    0.00    0.00    0.00    0.00   87.44
Average:       7   41.50    0.00    3.50    0.00    0.00    0.00    0.00    0.00    0.00   55.00
Average:       2    7.00    0.00    1.00    0.00    0.00    0.00    0.00    0.00    0.00   92.00
Average:       3   30.65    0.00    1.51    0.00    0.00    0.00    0.00    0.00    0.00   67.84
Average:       4   11.00    0.00    1.50    0.00    0.00    0.00    0.50    0.00    0.00   87.00
Average:       5   42.79    0.00    2.99    0.00    0.00    0.00    0.00    0.00    0.00   54.23
Average:       6    6.50    0.00    0.50    0.00    0.00    0.00    0.00    0.00    0.00   93.00
Average:       7    8.04    0.00    0.50    0.00    0.00    0.00    0.00    0.00    0.00   91.46
Average:       2   24.12    0.00    1.51    0.00    0.00    0.00    0.00    0.00    0.00   74.37
Average:       3   20.81    0.00    1.02    0.00    0.00    0.00    0.00    0.00    0.00   78.17
Average:       4    5.00    0.00    0.50    0.00    0.00    0.00    0.00    0.00    0.00   94.50
Average:       5   21.11    0.00    1.01    0.00    0.00    0.00    0.00    0.00    0.00   77.89
Average:       6   14.50    0.00    0.50    0.00    0.00    0.00    0.00    0.00    0.00   85.00
Average:       7   15.58    0.00    1.01    0.00    0.00    0.00    0.00    0.00    0.00   83.42
Average:       2    0.00    0.00    0.00    0.00    0.00    0.00    0.00    0.00    0.00  100.00
Average:       3    0.00    0.00    0.00    0.00    0.00    0.00    0.00    0.00    0.00  100.00
Average:       4    0.00    0.00    0.50    0.00    0.00    0.00    0.00    0.00    0.00   99.50
Average:       5    0.00    0.00    0.00    0.00    0.00    0.00    0.00    0.00    0.00  100.00
Average:       6    0.00    0.00    0.00    0.00    0.00    0.00    0.00    0.00    0.00  100.00
Average:       7    0.00    0.00    0.00    0.00    0.00    0.00    0.00    0.00    0.00  100.00
Average:       2    0.00    0.00    0.50    0.00    0.00    0.00    0.00    0.00    0.00   99.50
Average:       3    0.00    0.00    0.00    0.00    0.00    0.00    0.00    0.00    0.00  100.00
Average:       4    0.50    0.00    0.00    0.00    0.00    0.00    0.00    0.00    0.00   99.50
Average:       5    0.00    0.00    0.00    0.00    0.00    0.00    0.00    0.00    0.00  100.00
Average:       6    0.00    0.00    0.00    0.00    0.00    0.00    0.00    0.00    0.00  100.00
Average:       7    0.00    0.00    0.00    0.00    0.00    0.00    0.00    0.00    0.00  100.00
Average:       2    0.00    0.00    0.00    0.00    0.00    0.00    0.00    0.00    0.00  100.00
Average:       3    0.00    0.00    0.00    0.00    0.00    0.00    0.00    0.00    0.00  100.00
Average:       4    0.00    0.00    0.00    0.00    0.00    0.00    0.00    0.00    0.00  100.00
Average:       5    0.00    0.00    0.00    0.00    0.00    0.00    0.00    0.00    0.00  100.00
Average:       6    0.00    0.00    0.00    0.00    0.00    0.00    0.00    0.00    0.00  100.00
Average:       7    0.00    0.00    0.00    0.00    0.00    0.00    0.00    0.00    0.00  100.00
Average:       2    0.00    0.00    0.00    0.00    0.00    0.00    0.00    0.00    0.00  100.00
Average:       3    0.00    0.00    0.00    0.00    0.00    0.00    0.00    0.00    0.00  100.00
Average:       4    0.00    0.00    0.00    0.00    0.00    0.00    0.00    0.00    0.00  100.00
Average:       5    0.00    0.00    0.00    0.00    0.00    0.00    0.00    0.00    0.00  100.00
Average:       6    0.00    0.00    0.00    0.00    0.00    0.00    0.00    0.00    0.00  100.00
Average:       7    0.00    0.00    0.00    0.00    0.00    0.00    0.00    0.00    0.00  100.00
Average:       2    0.00    0.00    0.00    0.00    0.00    0.00    0.00    0.00    0.00  100.00
Average:       3    0.00    0.00    0.00    0.00    0.00    0.00    0.00    0.00    0.00  100.00
Average:       4    0.00    0.00    0.00    0.00    0.00    0.00    0.00    0.00    0.00  100.00
Average:       5    0.00    0.00    0.00    0.00    0.00    0.00    0.00    0.00    0.00  100.00
Average:       6    0.00    0.00    0.00    0.00    0.00    0.00    0.00    0.00    0.00  100.00
Average:       7    0.00    0.00    0.00    0.00    0.00    0.00    0.00    0.00    0.00  100.00
Average:       2    0.00    0.00    0.00    0.00    0.00    0.00    0.00    0.00    0.00  100.00
Average:       3    0.00    0.00    0.00    0.00    0.00    0.00    0.00    0.00    0.00  100.00
Average:       4    0.00    0.00    0.00    0.00    0.00    0.00    0.00    0.00    0.00  100.00
Average:       5    0.00    0.00    0.00    0.00    0.00    0.00    0.00    0.00    0.00  100.00
Average:       6    0.00    0.00    0.00    0.00    0.00    0.00    0.00    0.00    0.00  100.00
Average:       7    0.00    0.00    0.00    0.00    0.00    0.00    0.00    0.00    0.00  100.00
Average:       2    0.00    0.00    0.00    0.00    0.00    0.00    0.00    0.00    0.00  100.00
Average:       3    0.00    0.00    0.00    0.00    0.00    0.00    0.00    0.00    0.00  100.00
Average:       4    0.00    0.00    0.00    0.00    0.00    0.00    0.00    0.00    0.00  100.00
Average:       5    0.00    0.00    0.00    0.00    0.00    0.00    0.00    0.00    0.00  100.00
Average:       6    0.00    0.00    0.00    0.00    0.00    0.00    0.00    0.00    0.00  100.00
Average:       7    0.00    0.00    0.00    0.00    0.00    0.00    0.00    0.00    0.00  100.00
Average:       2    0.00    0.00    0.00    0.00    0.00    0.00    0.00    0.00    0.00  100.00
Average:       3    0.00    0.00    0.00    0.00    0.00    0.00    0.00    0.00    0.00  100.00
Average:       4    0.00    0.00    0.00    0.00    0.00    0.00    0.00    0.00    0.00  100.00
Average:       5    0.00    0.00    0.50    0.00    0.00    0.00    0.00    0.00    0.00   99.50
Average:       6    0.00    0.00    0.00    0.00    0.00    0.00    0.00    0.00    0.00  100.00
Average:       7    0.00    0.00    0.00    0.00    0.00    0.00    0.00    0.00    0.00  100.00
Average:       2    0.00    0.00    0.00    0.00    0.00    0.00    0.00    0.00    0.00  100.00
Average:       3    0.00    0.00    0.00    0.00    0.00    0.00    0.00    0.00    0.00  100.00
Average:       4    0.00    0.00    0.00    0.00    0.00    0.00    0.00    0.00    0.00  100.00
Average:       5    0.00    0.00    0.00    0.00    0.00    0.00    0.00    0.00    0.00  100.00
Average:       6    0.00    0.00    0.00    0.00    0.00    0.00    0.00    0.00    0.00  100.00
Average:       7    0.00    0.00    0.00    0.00    0.00    0.00    0.00    0.00    0.00  100.00
Average:       2    0.00    0.00    0.00    0.00    0.00    0.00    0.00    0.00    0.00  100.00
Average:       3    0.00    0.00    0.00    0.00    0.00    0.00    0.00    0.00    0.00  100.00
Average:       4    0.00    0.00    0.00    0.00    0.00    0.00    0.00    0.00    0.00  100.00
Average:       5    0.00    0.00    0.00    0.00    0.00    0.00    0.00    0.00    0.00  100.00
Average:       6    0.00    0.00    0.00    0.00    0.00    0.00    0.00    0.00    0.00  100.00
Average:       7    0.00    0.00    0.00    0.00    0.00    0.00    0.00    0.00    0.00  100.00
Average:       2    0.00    0.00    0.00    0.00    0.00    0.00    0.00    0.00    0.00  100.00
Average:       3    0.50    0.00    0.50    0.00    0.00    0.00    0.00    0.00    0.00   98.99
Average:       4    0.50    0.00    1.00    0.00    0.00    0.00    0.00    0.00    0.00   98.51
Average:       5    0.00    0.00    1.00    0.00    0.00    0.00    0.00    0.00    0.00   99.00
Average:       6    0.50    0.00    3.50    0.00    0.00    0.00    0.00    0.00    0.00   96.00
Average:       7    0.00    0.00    0.00    0.00    0.00    0.00    0.00    0.00    0.00  100.00
Average:       2    0.00    0.00    0.00    0.00    0.00    0.00    0.00    0.00    0.00  100.00
Average:       3    0.00    0.00    0.00    0.00    0.00    0.00    0.00    0.00    0.00  100.00
Average:       4    0.00    0.00    0.00    0.00    0.00    0.00    0.00    0.00    0.00  100.00
Average:       5    0.00    0.00    0.00    0.00    0.00    0.00    0.00    0.00    0.00  100.00
Average:       6    0.00    0.00    0.00    0.00    0.00    0.00    0.00    0.00    0.00  100.00
Average:       7    0.00    0.00    0.00    0.00    0.00    0.00    0.00    0.00    0.00  100.00
Average:       2    0.00    0.00    0.00    0.00    0.00    0.00    0.00    0.00    0.00  100.00
Average:       3    0.00    0.00    0.00    0.00    0.00    0.00    0.00    0.00    0.00  100.00
Average:       4    0.00    0.00    0.50    0.00    0.00    0.00    0.00    0.00    0.00   99.50
Average:       5    0.00    0.00    0.00    0.00    0.00    0.00    0.00    0.00    0.00  100.00
Average:       6    0.00    0.00    0.00    0.00    0.00    0.00    0.00    0.00    0.00  100.00
Average:       7    0.00    0.00    0.00    0.00    0.00    0.00    0.00    0.00    0.00  100.00
Average:       2    0.00    0.00    0.00    0.00    0.00    0.00    0.00    0.00    0.00  100.00
Average:       3    0.00    0.00    0.00    0.00    0.00    0.00    0.00    0.00    0.00  100.00
Average:       4    0.00    0.00    0.00    0.00    0.00    0.00    0.00    0.00    0.00  100.00
Average:       5    0.00    0.00    0.00    0.00    0.00    0.00    0.00    0.00    0.00  100.00
Average:       6    0.00    0.00    0.50    0.00    0.00    0.00    0.00    0.00    0.00   99.50
Average:       7    0.00    0.00    0.00    0.00    0.00    0.00    0.00    0.00    0.00  100.00
Average:       2    0.00    0.00    0.00    0.00    0.00    0.00    0.00    0.00    0.00  100.00
Average:       3    0.00    0.00    0.50    0.00    0.00    0.00    0.00    0.00    0.00   99.50
Average:       4    0.00    0.00    0.00    0.00    0.00    0.00    0.00    0.00    0.00  100.00
Average:       5    0.00    0.00    0.00    0.00    0.00    0.00    0.00    0.00    0.00  100.00
Average:       6    0.00    0.00    0.00    0.00    0.00    0.00    0.00    0.00    0.00  100.00
Average:       7    0.00    0.00    0.00    0.00    0.00    0.00    0.00    0.00    0.00  100.00
Average:       2    0.00    0.00    0.00    0.00    0.00    0.00    0.00    0.00    0.00  100.00
Average:       3    0.00    0.00    0.00    0.00    0.00    0.00    0.00    0.00    0.00  100.00
Average:       4    0.00    0.00    0.00    0.00    0.00    0.00    0.00    0.00    0.00  100.00
Average:       5    0.00    0.00    0.50    0.00    0.00    0.00    0.00    0.00    0.00   99.50
Average:       6    0.50    0.00    0.00    0.00    0.00    0.00    0.00    0.00    0.00   99.50
Average:       7    0.00    0.00    0.00    0.00    0.00    0.00    0.00    0.00    0.00  100.00
Average:       2    0.00    0.00    0.00    0.00    0.00    0.00    0.00    0.00    0.00  100.00
Average:       3    0.00    0.00    0.00    0.00    0.00    0.00    0.00    0.00    0.00  100.00
Average:       4    0.00    0.00    0.00    0.00    0.00    0.00    0.00    0.00    0.00  100.00
Average:       5    0.00    0.00    0.00    0.00    0.00    0.00    0.00    0.00    0.00  100.00
Average:       6    0.00    0.00    0.00    0.00    0.00    0.00    0.00    0.00    0.00  100.00
Average:       7    0.00    0.00    0.00    0.00    0.00    0.00    0.00    0.00    0.00  100.00
