Average:     CPU    %usr   %nice    %sys %iowait    %irq   %soft  %steal  %guest   %idle
Average:     all    0.76    0.00    1.77   21.84    0.00    0.00    0.13    0.00   75.51
Average:       0    3.14    0.00    6.81   90.05    0.00    0.00    0.00    0.00    0.00
Average:       1    0.00    0.00    0.00    1.00    0.00    0.00    0.00    0.00   99.00
Average:       2    0.00    0.00    0.00    0.00    0.00    0.00    0.00    0.00  100.00
Average:       3    0.00    0.00    0.00    0.00    0.00    0.00    0.00    0.00  100.00
Average:     CPU    %usr   %nice    %sys %iowait    %irq   %soft  %steal  %guest   %idle
Average:     all    0.00    0.00    2.28   22.00    0.00    0.00    0.00    0.00   75.73
Average:       0    0.00    0.00    9.33   90.16    0.00    0.00    0.52    0.00    0.00
Average:       1    0.00    0.00    0.00    0.00    0.00    0.00    0.00    0.00  100.00
Average:       2    0.00    0.00    0.50    0.00    0.00    0.00    0.00    0.00   99.50
Average:       3    0.00    0.00    0.00    0.00    0.00    0.00    0.00    0.00  100.00
Average:     CPU    %usr   %nice    %sys %iowait    %irq   %soft  %steal  %guest   %idle
Average:     all    0.00    0.00    2.89   21.76    0.00    0.00    0.00    0.00   75.35
Average:       0    0.00    0.00   11.68   87.82    0.00    0.00    0.51    0.00    0.00
Average:       1    0.00    0.00    0.00    0.00    0.00    0.00    0.00    0.00  100.00
Average:       2    0.50    0.00    0.00    0.00    0.00    0.00    0.00    0.00   99.50
Average:       3    0.00    0.00    0.50    0.00    0.00    0.00    0.00    0.00   99.50
Average:     CPU    %usr   %nice    %sys %iowait    %irq   %soft  %steal  %guest   %idle
Average:     all    0.00    0.00    3.01   22.46    0.00    0.00    0.13    0.00   74.40
Average:       0    0.00    0.00   11.28   88.72    0.00    0.00    0.00    0.00    0.00
Average:       1    0.00    0.00    0.00    0.00    0.00    0.00    0.00    0.00  100.00
Average:       2    0.00    0.00    0.50    0.00    0.00    0.00    0.00    0.00   99.50
Average:       3    0.00    0.00    0.00    3.00    0.00    0.00    0.00    0.00   97.00
Average:     CPU    %usr   %nice    %sys %iowait    %irq   %soft  %steal  %guest   %idle
Average:     all    0.00    0.00    2.77   21.56    0.00    0.00    0.13    0.00   75.54
Average:       0    0.00    0.00   11.40   88.60    0.00    0.00    0.00    0.00    0.00
Average:       1    0.50    0.00    0.00    0.00    0.00    0.00    0.00    0.00   99.50
Average:       2    0.00    0.00    0.00    0.00    0.00    0.00    0.00    0.00  100.00
Average:       3    0.00    0.00    0.50    0.00    0.00    0.00    0.00    0.00   99.50
Average:     CPU    %usr   %nice    %sys %iowait    %irq   %soft  %steal  %guest   %idle
Average:     all    0.13    0.00    3.76   21.05    0.00    0.00    0.00    0.00   75.06
Average:       0    0.00    0.00   15.15   84.85    0.00    0.00    0.00    0.00    0.00
Average:       1    0.00    0.00    0.00    0.00    0.00    0.00    0.00    0.00  100.00
Average:       2    0.00    0.00    0.00    0.00    0.00    0.00    0.00    0.00  100.00
Average:       3    0.00    0.00    0.00    0.00    0.00    0.00    0.00    0.00  100.00
Average:     CPU    %usr   %nice    %sys %iowait    %irq   %soft  %steal  %guest   %idle
Average:     all    0.00    0.00    2.06   20.82    0.13    0.00    0.13    0.00   76.86
Average:       0    0.00    0.00    8.05   91.38    0.57    0.00    0.00    0.00    0.00
Average:       1    0.00    0.00    0.00    1.00    0.00    0.00    0.00    0.00   99.00
Average:       2    0.00    0.00    0.00    0.00    0.00    0.00    0.00    0.00  100.00
Average:       3    0.00    0.00    0.00    0.00    0.00    0.00    0.00    0.00  100.00
Average:     CPU    %usr   %nice    %sys %iowait    %irq   %soft  %steal  %guest   %idle
Average:     all    0.00    0.00    1.69   20.52    0.00    0.00    0.00    0.00   77.79
Average:       0    0.00    0.00    7.60   92.40    0.00    0.00    0.00    0.00    0.00
Average:       1    0.00    0.00    0.00    0.00    0.00    0.00    0.00    0.00  100.00
Average:       2    0.00    0.00    0.00    0.00    0.00    0.00    0.00    0.00  100.00
Average:       3    0.00    0.00    0.00    0.00    0.00    0.00    0.00    0.00  100.00
Average:     CPU    %usr   %nice    %sys %iowait    %irq   %soft  %steal  %guest   %idle
Average:     all    0.00    0.00    2.76   22.36    0.00    0.00    0.00    0.00   74.87
Average:       0    0.00    0.00   10.66   89.34    0.00    0.00    0.00    0.00    0.00
Average:       1    0.00    0.00    0.00    1.50    0.00    0.00    0.00    0.00   98.50
Average:       2    0.00    0.00    0.50    0.00    0.00    0.00    0.00    0.00   99.50
Average:       3    0.00    0.00    0.50    0.00    0.00    0.00    0.00    0.00   99.50
Average:     CPU    %usr   %nice    %sys %iowait    %irq   %soft  %steal  %guest   %idle
Average:     all    0.13    0.00    2.82   20.36    0.00    0.00    0.00    0.00   76.70
Average:       0    0.00    0.00   12.15   87.85    0.00    0.00    0.00    0.00    0.00
Average:       1    0.00    0.00    0.00    0.00    0.00    0.00    0.00    0.00  100.00
Average:       2    0.00    0.00    0.00    0.00    0.00    0.00    0.00    0.00  100.00
Average:       3    0.00    0.00    0.00    0.00    0.00    0.00    0.00    0.00  100.00
Average:     CPU    %usr   %nice    %sys %iowait    %irq   %soft  %steal  %guest   %idle
Average:     all    0.00    0.00    4.77   19.97    0.00    0.00    0.00    0.00   75.25
Average:       0    0.00    0.00   18.97   81.03    0.00    0.00    0.00    0.00    0.00
Average:       1    0.00    0.00    0.00    0.00    0.00    0.00    0.00    0.00  100.00
Average:       2    0.00    0.00    0.00    0.00    0.00    0.00    0.00    0.00  100.00
Average:       3    0.00    0.00    0.50    0.00    0.00    0.00    0.00    0.00   99.50
Average:     CPU    %usr   %nice    %sys %iowait    %irq   %soft  %steal  %guest   %idle
Average:     all    0.00    0.00    2.72   20.36    0.00    0.00    0.00    0.00   76.91
Average:       0    0.00    0.00    9.71   90.29    0.00    0.00    0.00    0.00    0.00
Average:       1    0.00    0.00    0.50    0.00    0.00    0.00    0.00    0.00   99.50
Average:       2    0.00    0.00    0.50    0.00    0.00    0.00    0.00    0.00   99.50
Average:       3    0.00    0.00    2.02    0.00    0.00    0.00    0.00    0.00   97.98
Average:     CPU    %usr   %nice    %sys %iowait    %irq   %soft  %steal  %guest   %idle
Average:     all    0.13    0.00    4.79   20.53    0.00    0.00    0.13    0.00   74.43
Average:       0    0.00    0.00   15.34   84.66    0.00    0.00    0.00    0.00    0.00
Average:       1    0.00    0.00    0.50    1.99    0.00    0.00    0.00    0.00   97.51
Average:       2    0.50    0.00    0.00    0.00    0.00    0.00    0.00    0.00   99.50
Average:       3    0.00    0.00    4.43    0.00    0.00    0.00    0.00    0.00   95.57
Average:     CPU    %usr   %nice    %sys %iowait    %irq   %soft  %steal  %guest   %idle
Average:     all    0.00    0.00    2.80   21.86    0.00    0.00    0.00    0.00   75.35
Average:       0    0.00    0.00    9.57   90.43    0.00    0.00    0.00    0.00    0.00
Average:       1    0.00    0.00    0.00    0.50    0.00    0.00    0.00    0.00   99.50
Average:       2    0.00    0.00    0.50    0.00    0.00    0.00    0.00    0.00   99.50
Average:       3    0.00    0.00    1.52    0.00    0.00    0.00    0.00    0.00   98.48
Average:     CPU    %usr   %nice    %sys %iowait    %irq   %soft  %steal  %guest   %idle
Average:     all    0.00    0.00    3.34   20.44    0.00    0.00    0.00    0.00   76.22
Average:       0    0.00    0.00   10.11   89.33    0.00    0.00    0.56    0.00    0.00
Average:       1    0.00    0.00    0.50    0.00    0.00    0.00    0.00    0.00   99.50
Average:       2    0.00    0.00    0.00    0.00    0.00    0.00    0.00    0.00  100.00
Average:       3    0.00    0.00    3.98    0.00    0.00    0.00    0.00    0.00   96.02
Average:     CPU    %usr   %nice    %sys %iowait    %irq   %soft  %steal  %guest   %idle
Average:     all    0.13    0.00    5.65   20.60    0.00    0.00    0.00    0.00   73.62
Average:       0    0.00    0.00   18.88   80.61    0.00    0.00    0.51    0.00    0.00
Average:       1    0.00    0.00    0.00    3.02    0.00    0.00    0.00    0.00   96.98
Average:       2    0.50    0.00    3.98    0.00    0.00    0.00    0.00    0.00   95.52
Average:       3    0.00    0.00    0.00    0.00    0.00    0.00    0.00    0.00  100.00
Average:     CPU    %usr   %nice    %sys %iowait    %irq   %soft  %steal  %guest   %idle
Average:     all    2.81    0.00    3.19   19.26    0.00    0.00    0.13    0.00   74.62
Average:       0   11.89    0.00   10.81   76.76    0.00    0.00    0.54    0.00    0.00
Average:       1    0.00    0.00    0.00    4.00    0.00    0.00    0.00    0.00   96.00
Average:       2    0.00    0.00    0.00    0.00    0.00    0.00    0.00    0.00  100.00
Average:       3    0.00    0.00    2.53    0.00    0.00    0.00    0.00    0.00   97.47
Average:     CPU    %usr   %nice    %sys %iowait    %irq   %soft  %steal  %guest   %idle
Average:     all   16.10    0.00    4.37    4.74    0.00    0.00    0.00    0.00   74.78
Average:       0   64.00    0.00   17.00   19.00    0.00    0.00    0.00    0.00    0.00
Average:       1    0.00    0.00    0.00    0.00    0.00    0.00    0.00    0.00  100.00
Average:       2    0.00    0.00    0.00    0.00    0.00    0.00    0.00    0.00  100.00
Average:       3    0.00    0.00    0.00    0.00    0.00    0.00    0.00    0.00  100.00
Average:     CPU    %usr   %nice    %sys %iowait    %irq   %soft  %steal  %guest   %idle
Average:     all    0.00    0.00    0.66   45.41    0.00    0.00    0.13    0.00   53.81
Average:       0    0.00    0.00    2.12   97.35    0.00    0.00    0.53    0.00    0.00
Average:       1    0.00    0.00    0.00   47.54    0.00    0.00    0.00    0.00   52.46
Average:       2    0.00    0.00    0.00   35.98    0.00    0.00    0.00    0.00   64.02
Average:       3    0.00    0.00    0.00    3.00    0.00    0.00    0.00    0.00   97.00
Average:     CPU    %usr   %nice    %sys %iowait    %irq   %soft  %steal  %guest   %idle
Average:     all    0.13    0.00    1.18   33.55    0.00    0.00    0.00    0.00   65.14
Average:       0    0.00    0.00    3.45   96.55    0.00    0.00    0.00    0.00    0.00
Average:       1    0.00    0.00    1.07   44.92    0.00    0.00    0.00    0.00   54.01
Average:       2    0.00    0.00    0.00    1.00    0.00    0.00    0.00    0.00   99.00
Average:       3    0.00    0.00    0.00    0.50    0.00    0.00    0.00    0.00   99.50
Average:     CPU    %usr   %nice    %sys %iowait    %irq   %soft  %steal  %guest   %idle
Average:     all    0.00    0.00    2.40   47.54    0.00    0.00    0.00    0.00   50.06
Average:       0    0.00    0.00    3.05   96.45    0.00    0.00    0.51    0.00    0.00
Average:       1    0.00    0.00    2.00    0.50    0.00    0.00    0.00    0.00   97.50
Average:       2    0.00    0.00    4.55   93.94    0.00    0.00    0.00    0.00    1.52
Average:       3    0.00    0.00    0.00    0.00    0.00    0.00    0.00    0.00  100.00
Average:     CPU    %usr   %nice    %sys %iowait    %irq   %soft  %steal  %guest   %idle
Average:     all    0.00    0.00    1.71   36.53    0.00    0.00    0.13    0.00   61.63
Average:       0    0.00    0.00    6.01   93.44    0.00    0.00    0.55    0.00    0.00
Average:       1    0.00    0.00    1.11   56.11    0.00    0.00    0.00    0.00   42.78
Average:       2    0.00    0.00    0.00    2.01    0.00    0.00    0.00    0.00   97.99
Average:       3    0.00    0.00    0.00    1.01    0.00    0.00    0.00    0.00   98.99
Average:     CPU    %usr   %nice    %sys %iowait    %irq   %soft  %steal  %guest   %idle
Average:     all    0.13    0.00   20.23   28.12    0.00    0.00    0.00    0.00   51.53
Average:       0    0.00    0.00   53.61   37.11    0.00    0.00    0.00    0.00    9.28
Average:       1    0.51    0.00   18.46   33.85    0.00    0.00    0.00    0.00   47.18
Average:       2    0.00    0.00    8.96   29.85    0.00    0.00    0.00    0.00   61.19
Average:       3    0.00    0.00    0.51   12.18    0.00    0.00    0.00    0.00   87.31
Average:     CPU    %usr   %nice    %sys %iowait    %irq   %soft  %steal  %guest   %idle
Average:     all    0.00    0.00    1.31   45.09    0.00    0.00    0.00    0.00   53.60
Average:       0    0.00    0.00    3.26   96.20    0.00    0.00    0.54    0.00    0.00
Average:       1    0.00    0.00    1.02   35.03    0.00    0.00    0.00    0.00   63.96
Average:       2    0.00    0.00    0.53   36.36    0.00    0.00    0.00    0.00   63.10
Average:       3    0.00    0.00    0.52   14.43    0.00    0.00    0.00    0.00   85.05
Average:     CPU    %usr   %nice    %sys %iowait    %irq   %soft  %steal  %guest   %idle
Average:     all    0.00    0.00    1.04   40.42    0.00    0.00    0.13    0.00   58.41
Average:       0    0.00    0.00    3.17   95.77    0.00    0.00    0.53    0.00    0.53
Average:       1    0.00    0.00    0.50    2.01    0.00    0.00    0.00    0.00   97.49
Average:       2    0.00    0.00    0.55   68.13    0.00    0.00    0.00    0.00   31.32
Average:       3    0.00    0.00    0.00    0.51    0.00    0.00    0.00    0.00   99.49
Average:     CPU    %usr   %nice    %sys %iowait    %irq   %soft  %steal  %guest   %idle
Average:     all    0.00    0.00   15.88   25.79    0.00    0.00    0.13    0.00   58.20
Average:       0    0.51    0.00   48.73   45.69    0.00    0.00    0.00    0.00    5.08
Average:       1    0.00    0.00    5.53   29.65    0.00    0.00    0.00    0.00   64.82
Average:       2    0.00    0.00    1.00    0.50    0.00    0.00    0.00    0.00   98.50
Average:       3    0.00    0.00    8.90   27.23    0.00    0.00    0.00    0.00   63.87
Average:     CPU    %usr   %nice    %sys %iowait    %irq   %soft  %steal  %guest   %idle
Average:     all    0.13    0.00    2.07   50.78    0.00    0.00    0.00    0.00   47.02
Average:       0    0.00    0.00    4.12   95.36    0.00    0.00    0.52    0.00    0.00
Average:       1    0.00    0.00    1.03   14.43    0.00    0.00    0.00    0.00   84.54
Average:       2    0.00    0.00    0.51   34.87    0.00    0.00    0.00    0.00   64.62
Average:       3    0.00    0.00    1.09   59.78    0.00    0.00    0.00    0.00   39.13
Average:     CPU    %usr   %nice    %sys %iowait    %irq   %soft  %steal  %guest   %idle
Average:     all    0.00    0.00    0.80   40.32    0.00    0.00    0.00    0.00   58.89
Average:       0    0.00    0.00    1.66   97.79    0.00    0.00    0.55    0.00    0.00
Average:       1    0.00    0.00    0.55   58.79    0.00    0.00    0.00    0.00   40.66
Average:       2    0.00    0.00    0.51    0.51    0.00    0.00    0.00    0.00   98.97
Average:       3    0.00    0.00    0.51    9.18    0.00    0.00    0.00    0.00   90.31
Average:     CPU    %usr   %nice    %sys %iowait    %irq   %soft  %steal  %guest   %idle
Average:     all    0.00    0.00    1.16   34.36    0.00    0.00    0.00    0.00   64.48
Average:       0    0.00    0.00    2.69   96.77    0.00    0.00    0.54    0.00    0.00
Average:       1    0.00    0.00    0.50   14.57    0.00    0.00    0.00    0.00   84.92
Average:       2    0.00    0.00    1.00    2.00    0.00    0.00    0.00    0.00   97.00
Average:       3    0.00    0.00    1.03   28.21    0.00    0.00    0.00    0.00   70.77
Average:     CPU    %usr   %nice    %sys %iowait    %irq   %soft  %steal  %guest   %idle
Average:     all    0.00    0.00    0.39   41.38    0.00    0.00    0.00    0.00   58.22
Average:       0    0.00    0.00    1.60   98.40    0.00    0.00    0.00    0.00    0.00
Average:       1    0.00    0.00    0.00   52.15    0.00    0.00    0.54    0.00   47.31
Average:       2    0.00    0.00    0.00    0.51    0.00    0.00    0.00    0.00   99.49
Average:       3    0.00    0.00    0.00   17.44    0.00    0.00    0.00    0.00   82.56
Average:     CPU    %usr   %nice    %sys %iowait    %irq   %soft  %steal  %guest   %idle
Average:     all    0.00    0.00    0.79   36.39    0.00    0.00    0.00    0.00   62.83
Average:       0    0.00    0.00    1.65   95.60    0.00    0.00    0.00    0.00    2.75
Average:       1    0.00    0.00    0.00   55.19    0.00    0.00    0.00    0.00   44.81
Average:       2    0.00    0.00    0.50    0.00    0.00    0.00    0.00    0.00   99.50
Average:       3    0.00    0.00    1.51    1.01    0.00    0.00    0.00    0.00   97.49
Average:     CPU    %usr   %nice    %sys %iowait    %irq   %soft  %steal  %guest   %idle
Average:     all    0.00    0.00    2.25   44.31    0.00    0.00    0.00    0.00   53.44
Average:       0    0.00    0.00    2.65   97.35    0.00    0.00    0.00    0.00    0.00
Average:       1    0.00    0.00    2.09   27.23    0.00    0.00    0.00    0.00   70.68
Average:       2    0.00    0.00    1.59   28.04    0.00    0.00    0.00    0.00   70.37
Average:       3    0.00    0.00    3.17   24.87    0.00    0.00    0.00    0.00   71.96
Average:     CPU    %usr   %nice    %sys %iowait    %irq   %soft  %steal  %guest   %idle
Average:     all    0.00    0.00    1.18   43.40    0.00    0.00    0.13    0.00   55.29
Average:       0    0.00    0.00    3.12   96.35    0.00    0.00    0.52    0.00    0.00
Average:       1    0.00    0.00    0.51    9.69    0.00    0.00    0.00    0.00   89.80
Average:       2    0.00    0.00    0.00    1.52    0.00    0.00    0.00    0.00   98.48
Average:       3    0.00    0.00    0.00   71.02    0.00    0.00    0.00    0.00   28.98
Average:     CPU    %usr   %nice    %sys %iowait    %irq   %soft  %steal  %guest   %idle
Average:     all    0.00    0.00    1.20   45.95    0.00    0.00    0.00    0.00   52.86
Average:       0    0.00    0.00    3.76   96.24    0.00    0.00    0.00    0.00    0.00
Average:       1    0.00    0.00    0.53   43.92    0.00    0.00    0.00    0.00   55.56
Average:       2    0.00    0.00    0.53   18.95    0.00    0.00    0.00    0.00   80.53
Average:       3    0.00    0.00    0.00   25.53    0.00    0.00    0.00    0.00   74.47
Average:     CPU    %usr   %nice    %sys %iowait    %irq   %soft  %steal  %guest   %idle
Average:     all    6.11    0.00    2.34   36.93    0.00    0.00    0.13    0.00   54.49
Average:       0   24.47    0.00    3.72   71.28    0.00    0.00    0.53    0.00    0.00
Average:       1    0.51    0.00    1.53   30.61    0.00    0.00    0.00    0.00   67.35
Average:       2    0.00    0.00    3.59   16.41    0.00    0.00    0.00    0.00   80.00
Average:       3    0.00    0.00    1.05   30.37    0.00    0.00    0.00    0.00   68.59
Average:     CPU    %usr   %nice    %sys %iowait    %irq   %soft  %steal  %guest   %idle
Average:     all   25.00    0.00    0.50    0.00    0.00    0.00    0.00    0.00   74.50
Average:       0  100.00    0.00    0.00    0.00    0.00    0.00    0.00    0.00    0.00
Average:       1    0.00    0.00    0.50    0.00    0.00    0.00    0.00    0.00   99.50
Average:       2    0.00    0.00    1.00    0.00    0.00    0.00    0.00    0.00   99.00
Average:       3    0.50    0.00    0.50    0.00    0.00    0.00    0.00    0.00   99.00
Average:     CPU    %usr   %nice    %sys %iowait    %irq   %soft  %steal  %guest   %idle
Average:     all   25.12    0.00    0.38    0.00    0.00    0.00    0.00    0.00   74.50
Average:       0  100.00    0.00    0.00    0.00    0.00    0.00    0.00    0.00    0.00
Average:       1    0.00    0.00    0.00    0.00    0.00    0.00    0.00    0.00  100.00
Average:       2    0.00    0.00    0.50    0.00    0.00    0.00    0.00    0.00   99.50
Average:       3    0.00    0.00    0.00    0.00    0.00    0.00    0.00    0.00  100.00
Average:     CPU    %usr   %nice    %sys %iowait    %irq   %soft  %steal  %guest   %idle
Average:     all   25.00    0.00    0.50    0.00    0.00    0.00    0.00    0.00   74.50
Average:       0  100.00    0.00    0.00    0.00    0.00    0.00    0.00    0.00    0.00
Average:       1    0.00    0.00    0.00    0.00    0.00    0.00    0.00    0.00  100.00
Average:       2    0.00    0.00    1.00    0.00    0.00    0.00    0.00    0.00   99.00
Average:       3    0.00    0.00    0.50    0.00    0.00    0.00    0.00    0.00   99.50
Average:     CPU    %usr   %nice    %sys %iowait    %irq   %soft  %steal  %guest   %idle
Average:     all   25.12    0.00    0.38    0.00    0.00    0.00    0.00    0.00   74.50
Average:       0  100.00    0.00    0.00    0.00    0.00    0.00    0.00    0.00    0.00
Average:       1    0.00    0.00    1.00    0.00    0.00    0.00    0.00    0.00   99.00
Average:       2    0.00    0.00    0.50    0.00    0.00    0.00    0.00    0.00   99.50
Average:       3    0.00    0.00    0.50    0.00    0.00    0.00    0.00    0.00   99.50
Average:     CPU    %usr   %nice    %sys %iowait    %irq   %soft  %steal  %guest   %idle
Average:     all   25.06    0.00    0.50    0.12    0.00    0.00    0.00    0.00   74.31
Average:       0  100.00    0.00    0.00    0.00    0.00    0.00    0.00    0.00    0.00
Average:       1    0.00    0.00    0.50    0.00    0.00    0.00    0.00    0.00   99.50
Average:       2    0.00    0.00    0.50    0.00    0.00    0.00    0.00    0.00   99.50
Average:       3    0.00    0.00    0.50    0.00    0.00    0.00    0.00    0.00   99.50
Average:     CPU    %usr   %nice    %sys %iowait    %irq   %soft  %steal  %guest   %idle
Average:     all   25.06    0.00    0.38    0.00    0.00    0.00    0.00    0.00   74.56
Average:       0  100.00    0.00    0.00    0.00    0.00    0.00    0.00    0.00    0.00
Average:       1    0.00    0.00    1.00    0.00    0.00    0.00    0.00    0.00   99.00
Average:       2    0.50    0.00    1.00    0.00    0.00    0.00    0.00    0.00   98.51
Average:       3    0.00    0.00    0.50    0.00    0.00    0.00    0.00    0.00   99.50
Average:     CPU    %usr   %nice    %sys %iowait    %irq   %soft  %steal  %guest   %idle
Average:     all    0.25    0.00   25.22    0.12    0.00    0.00    0.00    0.00   74.41
Average:       0    0.50    0.00   98.51    0.50    0.00    0.00    0.00    0.00    0.50
Average:       1    0.00    0.00    0.50    0.50    0.00    0.00    0.00    0.00   98.99
Average:       2    0.00    0.00    1.00    0.00    0.00    0.00    0.00    0.00   99.00
Average:       3    0.00    0.00    0.50    0.00    0.00    0.00    0.00    0.00   99.50
