Average:     CPU    %usr   %nice    %sys %iowait    %irq   %soft  %steal  %guest   %idle
Average:     all    4.51    0.00   11.01    9.26    0.00    0.00    0.00    0.00   75.22
Average:       0   17.50    0.00   44.00   37.00    0.00    0.00    0.00    0.00    1.50
Average:       1    0.00    0.00    0.50    0.00    0.00    0.00    0.00    0.00   99.50
Average:       2    0.00    0.00    0.50    0.00    0.00    0.00    0.00    0.00   99.50
Average:       3    0.00    0.00    0.00    0.00    0.00    0.00    0.00    0.00  100.00
Average:     CPU    %usr   %nice    %sys %iowait    %irq   %soft  %steal  %guest   %idle
Average:     all    5.51    0.00   19.52    0.00    0.00    0.00    0.00    0.00   74.97
Average:       0   22.00    0.00   78.00    0.00    0.00    0.00    0.00    0.00    0.00
Average:       1    0.00    0.00    0.00    0.00    0.00    0.00    0.00    0.00  100.00
Average:       2    0.00    0.00    0.00    0.00    0.00    0.00    0.00    0.00  100.00
Average:       3    0.00    0.00    0.50    0.00    0.00    0.00    0.00    0.00   99.50
Average:     CPU    %usr   %nice    %sys %iowait    %irq   %soft  %steal  %guest   %idle
Average:     all    6.38    0.00   18.75    0.00    0.00    0.00    0.00    0.00   74.88
Average:       0   25.50    0.00   74.50    0.00    0.00    0.00    0.00    0.00    0.00
Average:       1    0.00    0.00    0.00    0.00    0.00    0.00    0.00    0.00  100.00
Average:       2    0.00    0.00    0.00    0.00    0.00    0.00    0.00    0.00  100.00
Average:       3    0.00    0.00    0.00    0.00    0.00    0.00    0.00    0.00  100.00
Average:     CPU    %usr   %nice    %sys %iowait    %irq   %soft  %steal  %guest   %idle
Average:     all   25.06    0.00    0.00    0.00    0.00    0.00    0.00    0.00   74.94
Average:       0  100.00    0.00    0.00    0.00    0.00    0.00    0.00    0.00    0.00
Average:       1    0.00    0.00    0.00    0.00    0.00    0.00    0.00    0.00  100.00
Average:       2    0.00    0.00    0.00    0.00    0.00    0.00    0.00    0.00  100.00
Average:       3    0.00    0.00    0.00    0.00    0.00    0.00    0.00    0.00  100.00
Average:     CPU    %usr   %nice    %sys %iowait    %irq   %soft  %steal  %guest   %idle
Average:     all   25.00    0.00    0.12    0.00    0.00    0.00    0.00    0.00   74.88
Average:       0  100.00    0.00    0.00    0.00    0.00    0.00    0.00    0.00    0.00
Average:       1    0.00    0.00    0.00    0.50    0.00    0.00    0.00    0.00   99.50
Average:       2    0.50    0.00    0.00    0.00    0.00    0.00    0.00    0.00   99.50
Average:       3    0.00    0.00    0.00    0.00    0.00    0.00    0.00    0.00  100.00
Average:     CPU    %usr   %nice    %sys %iowait    %irq   %soft  %steal  %guest   %idle
Average:     all   23.62    0.00    0.12    1.38    0.00    0.00    0.00    0.00   74.88
Average:       0   94.47    0.00    0.00    5.53    0.00    0.00    0.00    0.00    0.00
Average:       1    0.00    0.00    0.00    0.00    0.00    0.00    0.00    0.00  100.00
Average:       2    0.00    0.00    0.00    0.00    0.00    0.00    0.00    0.00  100.00
Average:       3    0.00    0.00    0.50    0.00    0.00    0.00    0.00    0.00   99.50
Average:     CPU    %usr   %nice    %sys %iowait    %irq   %soft  %steal  %guest   %idle
Average:     all   24.66    0.00    0.13    0.25    0.00    0.00    0.00    0.00   74.97
Average:       0   98.50    0.00    0.50    1.00    0.00    0.00    0.00    0.00    0.00
Average:       1    0.00    0.00    0.00    0.00    0.00    0.00    0.00    0.00  100.00
Average:       2    0.00    0.00    0.00    0.00    0.00    0.00    0.00    0.00  100.00
Average:       3    0.00    0.00    0.00    0.00    0.00    0.00    0.00    0.00  100.00
Average:     CPU    %usr   %nice    %sys %iowait    %irq   %soft  %steal  %guest   %idle
Average:     all   22.00    0.00    0.12    3.00    0.00    0.00    0.00    0.00   74.88
Average:       0   87.94    0.00    0.00   12.06    0.00    0.00    0.00    0.00    0.00
Average:       1    0.00    0.00    0.00    0.00    0.00    0.00    0.00    0.00  100.00
Average:       2    0.00    0.00    0.50    0.00    0.00    0.00    0.00    0.00   99.50
Average:       3    0.00    0.00    0.00    0.00    0.00    0.00    0.00    0.00  100.00
Average:     CPU    %usr   %nice    %sys %iowait    %irq   %soft  %steal  %guest   %idle
Average:     all   25.06    0.00    0.25    0.00    0.00    0.00    0.00    0.00   74.69
Average:       0  100.00    0.00    0.00    0.00    0.00    0.00    0.00    0.00    0.00
Average:       1    0.00    0.00    0.50    0.00    0.00    0.00    0.00    0.00   99.50
Average:       2    0.00    0.00    0.50    0.00    0.00    0.00    0.00    0.00   99.50
Average:       3    0.00    0.00    0.50    0.00    0.00    0.00    0.00    0.00   99.50
Average:     CPU    %usr   %nice    %sys %iowait    %irq   %soft  %steal  %guest   %idle
Average:     all   24.38    0.00    0.12    0.75    0.00    0.00    0.00    0.00   74.75
Average:       0   97.50    0.00    0.00    2.50    0.00    0.00    0.00    0.00    0.00
Average:       1    0.00    0.00    0.00    0.00    0.00    0.00    0.00    0.00  100.00
Average:       2    0.50    0.00    0.00    0.50    0.00    0.00    0.00    0.00   99.00
Average:       3    0.00    0.00    0.00    0.00    0.00    0.00    0.00    0.00  100.00
Average:     CPU    %usr   %nice    %sys %iowait    %irq   %soft  %steal  %guest   %idle
Average:     all   24.97    0.00    0.25    0.00    0.00    0.00    0.00    0.00   74.78
Average:       0  100.00    0.00    0.00    0.00    0.00    0.00    0.00    0.00    0.00
Average:       1    0.00    0.00    0.00    0.00    0.00    0.00    0.00    0.00  100.00
Average:       2    0.00    0.00    0.00    0.00    0.00    0.00    0.00    0.00  100.00
Average:       3    0.00    0.00    0.50    0.00    0.00    0.00    0.00    0.00   99.50
Average:     CPU    %usr   %nice    %sys %iowait    %irq   %soft  %steal  %guest   %idle
Average:     all   23.85    0.00    0.25    1.12    0.00    0.00    0.00    0.00   74.78
Average:       0   95.02    0.00    0.50    4.48    0.00    0.00    0.00    0.00    0.00
Average:       1    0.00    0.00    0.50    0.00    0.00    0.00    0.00    0.00   99.50
Average:       2    0.00    0.00    0.00    0.00    0.00    0.00    0.00    0.00  100.00
Average:       3    0.00    0.00    0.00    0.00    0.00    0.00    0.00    0.00  100.00
Average:     CPU    %usr   %nice    %sys %iowait    %irq   %soft  %steal  %guest   %idle
Average:     all   23.78    0.00    0.00    1.25    0.00    0.00    0.00    0.00   74.97
Average:       0   95.48    0.00    0.00    4.52    0.00    0.00    0.00    0.00    0.00
Average:       1    0.00    0.00    0.50    0.00    0.00    0.00    0.00    0.00   99.50
Average:       2    0.00    0.00    0.00    0.00    0.00    0.00    0.00    0.00  100.00
Average:       3    0.00    0.00    0.00    0.00    0.00    0.00    0.00    0.00  100.00
Average:     CPU    %usr   %nice    %sys %iowait    %irq   %soft  %steal  %guest   %idle
Average:     all   24.88    0.00    0.25    0.00    0.00    0.00    0.00    0.00   74.88
Average:       0  100.00    0.00    0.00    0.00    0.00    0.00    0.00    0.00    0.00
Average:       1    0.00    0.00    0.50    0.00    0.00    0.00    0.00    0.00   99.50
Average:       2    0.00    0.00    0.00    0.00    0.00    0.00    0.00    0.00  100.00
Average:       3    0.00    0.00    0.50    0.00    0.00    0.00    0.00    0.00   99.50
Average:     CPU    %usr   %nice    %sys %iowait    %irq   %soft  %steal  %guest   %idle
Average:     all   24.66    0.00    0.13    0.25    0.00    0.00    0.00    0.00   74.97
Average:       0   98.50    0.00    0.50    1.00    0.00    0.00    0.00    0.00    0.00
Average:       1    0.00    0.00    0.00    0.00    0.00    0.00    0.00    0.00  100.00
Average:       2    0.00    0.00    0.00    0.00    0.00    0.00    0.00    0.00  100.00
Average:       3    0.00    0.00    0.00    0.00    0.00    0.00    0.00    0.00  100.00
Average:     CPU    %usr   %nice    %sys %iowait    %irq   %soft  %steal  %guest   %idle
Average:     all   23.57    0.00    0.25    1.50    0.00    0.00    0.00    0.00   74.69
Average:       0   93.53    0.00    0.50    5.97    0.00    0.00    0.00    0.00    0.00
Average:       1    0.50    0.00    0.00    0.00    0.00    0.00    0.00    0.00   99.50
Average:       2    0.00    0.00    0.50    0.00    0.00    0.00    0.00    0.00   99.50
Average:       3    0.00    0.00    0.50    0.00    0.00    0.00    0.00    0.00   99.50
Average:     CPU    %usr   %nice    %sys %iowait    %irq   %soft  %steal  %guest   %idle
Average:     all   25.00    0.00    0.12    0.00    0.00    0.00    0.00    0.00   74.88
Average:       0  100.00    0.00    0.00    0.00    0.00    0.00    0.00    0.00    0.00
Average:       1    0.00    0.00    0.00    0.00    0.00    0.00    0.00    0.00  100.00
Average:       2    0.00    0.00    0.00    0.00    0.00    0.00    0.00    0.00  100.00
Average:       3    0.00    0.00    0.00    0.00    0.00    0.00    0.00    0.00  100.00
Average:     CPU    %usr   %nice    %sys %iowait    %irq   %soft  %steal  %guest   %idle
Average:     all   25.00    0.00    0.12    0.00    0.00    0.00    0.00    0.00   74.88
Average:       0   99.50    0.00    0.50    0.00    0.00    0.00    0.00    0.00    0.00
Average:       1    0.00    0.00    0.00    0.00    0.00    0.00    0.00    0.00  100.00
Average:       2    0.00    0.00    0.00    0.00    0.00    0.00    0.00    0.00  100.00
Average:       3    0.00    0.00    0.00    0.00    0.00    0.00    0.00    0.00  100.00
Average:     CPU    %usr   %nice    %sys %iowait    %irq   %soft  %steal  %guest   %idle
Average:     all   25.00    0.00    0.12    0.00    0.00    0.00    0.00    0.00   74.88
Average:       0  100.00    0.00    0.00    0.00    0.00    0.00    0.00    0.00    0.00
Average:       1    0.00    0.00    0.00    0.00    0.00    0.00    0.00    0.00  100.00
Average:       2    0.00    0.00    0.00    0.00    0.00    0.00    0.00    0.00  100.00
Average:       3    0.00    0.00    0.00    0.00    0.00    0.00    0.00    0.00  100.00
Average:     CPU    %usr   %nice    %sys %iowait    %irq   %soft  %steal  %guest   %idle
Average:     all   24.97    0.00    0.25    0.00    0.00    0.00    0.00    0.00   74.78
Average:       0   99.50    0.00    0.50    0.00    0.00    0.00    0.00    0.00    0.00
Average:       1    0.00    0.00    0.00    0.00    0.00    0.00    0.00    0.00  100.00
Average:       2    0.00    0.00    0.00    0.00    0.00    0.00    0.00    0.00  100.00
Average:       3    0.00    0.00    0.00    0.00    0.00    0.00    0.00    0.00  100.00
Average:     CPU    %usr   %nice    %sys %iowait    %irq   %soft  %steal  %guest   %idle
Average:     all    0.00    0.00    6.85   33.07    0.00    0.00    0.13    0.00   59.95
Average:       0    0.00    0.00   26.98   73.02    0.00    0.00    0.00    0.00    0.00
Average:       1    0.00    0.00    0.54   61.08    0.00    0.00    0.00    0.00   38.38
Average:       2    0.00    0.00    0.00    0.50    0.00    0.00    0.00    0.00   99.50
Average:       3    0.00    0.00    0.00    2.51    0.00    0.00    0.00    0.00   97.49
Average:     CPU    %usr   %nice    %sys %iowait    %irq   %soft  %steal  %guest   %idle
Average:     all    0.00    0.00    2.75   55.24    0.00    0.00    0.13    0.00   41.88
Average:       0    0.00    0.00    5.70   93.78    0.00    0.00    0.52    0.00    0.00
Average:       1    0.00    0.00    0.51   10.77    0.00    0.00    0.00    0.00   88.72
Average:       2    0.00    0.00    2.01   42.71    0.00    0.00    0.00    0.00   55.28
Average:       3    0.00    0.00    3.39   76.27    0.00    0.00    0.00    0.00   20.34
Average:     CPU    %usr   %nice    %sys %iowait    %irq   %soft  %steal  %guest   %idle
Average:     all    0.13    0.00    0.89   43.46    0.00    0.00    0.00    0.00   55.53
Average:       0    0.00    0.00    2.56   96.92    0.00    0.00    0.51    0.00    0.00
Average:       1    0.00    0.00    0.52   78.53    0.00    0.00    0.00    0.00   20.94
Average:       2    0.00    0.00    0.00    0.00    0.00    0.00    0.00    0.00  100.00
Average:       3    0.00    0.00    0.00    1.00    0.00    0.00    0.00    0.00   99.00
Average:     CPU    %usr   %nice    %sys %iowait    %irq   %soft  %steal  %guest   %idle
Average:     all    0.00    0.00    1.03   47.09    0.00    0.00    0.13    0.00   51.75
Average:       0    0.00    0.00    3.08   96.92    0.00    0.00    0.00    0.00    0.00
Average:       1    0.00    0.00    0.00   56.06    0.00    0.00    0.00    0.00   43.94
Average:       2    0.00    0.00    0.99    0.50    0.00    0.00    0.00    0.00   98.51
Average:       3    0.00    0.00    0.56   35.75    0.00    0.00    0.00    0.00   63.69
Average:     CPU    %usr   %nice    %sys %iowait    %irq   %soft  %steal  %guest   %idle
Average:     all    0.13    0.00    2.60   42.45    0.00    0.00    0.13    0.00   54.69
Average:       0    0.52    0.00    6.77   92.19    0.00    0.00    0.52    0.00    0.00
Average:       1    0.00    0.00    2.72   60.33    0.00    0.00    0.00    0.00   36.96
Average:       2    0.00    0.00    0.52   19.27    0.00    0.00    0.00    0.00   80.21
Average:       3    0.00    0.00    0.50    0.50    0.00    0.00    0.00    0.00   99.00
Average:     CPU    %usr   %nice    %sys %iowait    %irq   %soft  %steal  %guest   %idle
Average:     all    0.00    0.00    0.39   61.94    0.00    0.00    0.00    0.00   37.68
Average:       0    0.00    0.00    1.04   98.96    0.00    0.00    0.00    0.00    0.00
Average:       1    0.00    0.00    0.00   99.47    0.00    0.00    0.00    0.00    0.53
Average:       2    0.00    0.00    0.00   53.06    0.00    0.00    0.00    0.00   46.94
Average:       3    0.00    0.00    0.00    0.50    0.00    0.00    0.00    0.00   99.50
Average:     CPU    %usr   %nice    %sys %iowait    %irq   %soft  %steal  %guest   %idle
Average:     all    0.00    0.00    0.38   71.86    0.00    0.00    0.00    0.00   27.76
Average:       0    0.51    0.00    1.03   97.95    0.00    0.00    0.51    0.00    0.00
Average:       1    0.00    0.00    0.00  100.00    0.00    0.00    0.00    0.00    0.00
Average:       2    0.00    0.00    0.00   89.74    0.00    0.00    0.00    0.00   10.26
Average:       3    0.00    0.00    0.50    0.50    0.00    0.00    0.00    0.00   99.00
Average:     CPU    %usr   %nice    %sys %iowait    %irq   %soft  %steal  %guest   %idle
Average:     all    0.13    0.00    2.22   65.58    0.00    0.00    0.26    0.00   31.81
Average:       0    0.00    0.00    6.19   92.78    0.00    0.00    1.03    0.00    0.00
Average:       1    0.50    0.00    2.01   97.49    0.00    0.00    0.00    0.00    0.00
Average:       2    0.00    0.00    1.08   46.77    0.00    0.00    0.00    0.00   52.15
Average:       3    0.00    0.00    0.00   22.22    0.00    0.00    0.00    0.00   77.78
Average:     CPU    %usr   %nice    %sys %iowait    %irq   %soft  %steal  %guest   %idle
Average:     all    0.00    0.00    1.06   63.10    0.00    0.00    0.13    0.00   35.71
Average:       0    0.00    0.00    3.21   96.26    0.00    0.00    0.53    0.00    0.00
Average:       1    0.00    0.00    0.52   67.53    0.00    0.00    0.00    0.00   31.96
Average:       2    0.00    0.00    0.00   57.63    0.00    0.00    0.00    0.00   42.37
Average:       3    0.00    0.00    0.00   31.98    0.00    0.00    0.00    0.00   68.02
Average:     CPU    %usr   %nice    %sys %iowait    %irq   %soft  %steal  %guest   %idle
Average:     all    0.00    0.00    1.87   56.68    0.00    0.00    0.00    0.00   41.44
Average:       0    0.00    0.00    5.82   92.59    0.00    0.00    0.53    0.00    1.06
Average:       1    0.00    0.00    1.86   90.06    0.00    0.00    0.00    0.00    8.07
Average:       2    0.00    0.00    0.00    0.50    0.00    0.00    0.00    0.00   99.50
Average:       3    0.00    0.00    0.50   51.26    0.00    0.00    0.00    0.00   48.24
Average:     CPU    %usr   %nice    %sys %iowait    %irq   %soft  %steal  %guest   %idle
Average:     all    0.00    0.00    1.01   74.75    0.00    0.00    0.13    0.00   24.12
Average:       0    0.00    0.00    3.06   96.43    0.00    0.00    0.51    0.00    0.00
Average:       1    0.00    0.00    0.50   99.50    0.00    0.00    0.00    0.00    0.00
Average:       2    0.00    0.00    0.00   84.34    0.00    0.00    0.00    0.00   15.66
Average:       3    0.00    0.00    0.00   19.10    0.00    0.00    0.00    0.00   80.90
Average:     CPU    %usr   %nice    %sys %iowait    %irq   %soft  %steal  %guest   %idle
Average:     all    0.13    0.00    0.77   44.88    0.00    0.00    0.13    0.00   54.09
Average:       0    0.00    0.00    2.56   97.44    0.00    0.00    0.00    0.00    0.00
Average:       1    0.00    0.00    0.00   25.51    0.00    0.00    0.00    0.00   74.49
Average:       2    0.00    0.00    0.00    1.51    0.00    0.00    0.00    0.00   98.49
Average:       3    0.00    0.00    0.52   57.29    0.00    0.00    0.00    0.00   42.19
Average:     CPU    %usr   %nice    %sys %iowait    %irq   %soft  %steal  %guest   %idle
Average:     all    0.00    0.00    1.72   64.77    0.00    0.00    0.13    0.00   33.38
Average:       0    0.00    0.00    4.84   94.62    0.00    0.00    0.54    0.00    0.00
Average:       1    0.00    0.00    1.08   38.38    0.00    0.00    0.00    0.00   60.54
Average:       2    0.00    0.00    0.51   99.49    0.00    0.00    0.00    0.00    0.00
Average:       3    0.00    0.00    0.00   24.73    0.00    0.00    0.00    0.00   75.27
Average:     CPU    %usr   %nice    %sys %iowait    %irq   %soft  %steal  %guest   %idle
Average:     all    0.00    0.00    1.46   67.38    0.00    0.00    0.13    0.00   31.03
Average:       0    0.00    0.00    3.17   96.30    0.00    0.00    0.53    0.00    0.00
Average:       1    0.00    0.00    0.58   59.88    0.00    0.00    0.00    0.00   39.53
Average:       2    0.00    0.00    1.02   98.98    0.00    0.00    0.00    0.00    0.00
Average:       3    0.00    0.00    1.03   13.85    0.00    0.00    0.00    0.00   85.13
Average:     CPU    %usr   %nice    %sys %iowait    %irq   %soft  %steal  %guest   %idle
Average:     all    0.00    0.00    1.06   42.95    0.00    0.00    0.00    0.00   55.98
Average:       0    0.00    0.00    3.47   96.53    0.00    0.00    0.00    0.00    0.00
Average:       1    0.00    0.00    1.59   33.33    0.00    0.00    0.00    0.00   65.08
Average:       2    0.00    0.00    0.52   42.93    0.00    0.00    0.00    0.00   56.54
Average:       3    0.00    0.00    0.00    5.03    0.00    0.00    0.00    0.00   94.97
Average:     CPU    %usr   %nice    %sys %iowait    %irq   %soft  %steal  %guest   %idle
Average:     all    0.00    0.00    0.81   61.16    0.00    0.00    0.13    0.00   37.90
Average:       0    0.00    0.00    2.27   97.73    0.00    0.00    0.00    0.00    0.00
Average:       1    0.00    0.00    1.03   98.97    0.00    0.00    0.00    0.00    0.00
Average:       2    0.00    0.00    0.00   51.45    0.00    0.00    0.00    0.00   48.55
Average:       3    0.00    0.00    0.00    0.50    0.00    0.00    0.00    0.00   99.50
Average:     CPU    %usr   %nice    %sys %iowait    %irq   %soft  %steal  %guest   %idle
Average:     all    0.00    0.00    1.69   71.26    0.00    0.00    0.13    0.00   26.92
Average:       0    0.00    0.00    3.65   95.83    0.00    0.00    0.52    0.00    0.00
Average:       1    0.00    0.00    2.09   17.80    0.00    0.00    0.00    0.00   80.10
Average:       2    0.00    0.00    0.51   99.49    0.00    0.00    0.00    0.00    0.00
Average:       3    0.00    0.00    1.06   70.21    0.00    0.00    0.00    0.00   28.72
Average:     CPU    %usr   %nice    %sys %iowait    %irq   %soft  %steal  %guest   %idle
Average:     all   25.00    0.00    0.12    8.00    0.00    0.00    0.00    0.00   66.88
Average:       0  100.00    0.00    0.00    0.00    0.00    0.00    0.00    0.00    0.00
Average:       1    0.00    0.00    0.00    5.00    0.00    0.00    0.00    0.00   95.00
Average:       2    0.00    0.00    0.50   22.11    0.00    0.00    0.00    0.00   77.39
Average:       3    0.00    0.00    0.50    4.98    0.00    0.00    0.00    0.00   94.53
Average:     CPU    %usr   %nice    %sys %iowait    %irq   %soft  %steal  %guest   %idle
Average:     all   25.03    0.00    0.00    0.00    0.00    0.00    0.00    0.00   74.97
Average:       0  100.00    0.00    0.00    0.00    0.00    0.00    0.00    0.00    0.00
Average:       1    0.00    0.00    0.00    0.00    0.00    0.00    0.00    0.00  100.00
Average:       2    0.00    0.00    0.00    0.00    0.00    0.00    0.00    0.00  100.00
Average:       3    0.00    0.00    0.50    0.00    0.00    0.00    0.00    0.00   99.50
Average:     CPU    %usr   %nice    %sys %iowait    %irq   %soft  %steal  %guest   %idle
Average:     all   24.97    0.00    0.12    0.00    0.00    0.00    0.00    0.00   74.91
Average:       0  100.00    0.00    0.00    0.00    0.00    0.00    0.00    0.00    0.00
Average:       1    0.00    0.00    0.00    0.00    0.00    0.00    0.00    0.00  100.00
Average:       2    0.00    0.00    0.00    0.00    0.00    0.00    0.00    0.00  100.00
Average:       3    0.00    0.00    0.00    0.00    0.00    0.00    0.00    0.00  100.00
Average:     CPU    %usr   %nice    %sys %iowait    %irq   %soft  %steal  %guest   %idle
Average:     all   25.09    0.00    0.12    0.00    0.00    0.00    0.12    0.00   74.66
Average:       0  100.00    0.00    0.00    0.00    0.00    0.00    0.00    0.00    0.00
Average:       1    0.00    0.00    0.00    0.00    0.00    0.00    0.00    0.00  100.00
Average:       2    0.00    0.00    0.00    0.00    0.00    0.00    0.50    0.00   99.50
Average:       3    0.00    0.00    0.00    0.00    0.00    0.00    0.00    0.00  100.00
Average:     CPU    %usr   %nice    %sys %iowait    %irq   %soft  %steal  %guest   %idle
Average:     all   25.03    0.00    0.00    0.00    0.00    0.00    0.00    0.00   74.97
Average:       0  100.00    0.00    0.00    0.00    0.00    0.00    0.00    0.00    0.00
Average:       1    0.00    0.00    0.50    0.00    0.00    0.00    0.00    0.00   99.50
Average:       2    0.00    0.00    0.00    0.00    0.00    0.00    0.00    0.00  100.00
Average:       3    0.00    0.00    0.00    0.00    0.00    0.00    0.00    0.00  100.00
Average:     CPU    %usr   %nice    %sys %iowait    %irq   %soft  %steal  %guest   %idle
Average:     all   25.00    0.00    0.00    0.00    0.00    0.00    0.12    0.00   74.88
Average:       0  100.00    0.00    0.00    0.00    0.00    0.00    0.00    0.00    0.00
Average:       1    0.00    0.00    0.00    0.00    0.00    0.00    0.00    0.00  100.00
Average:       2    0.00    0.00    0.00    0.00    0.00    0.00    0.00    0.00  100.00
Average:       3    0.00    0.00    0.00    0.00    0.00    0.00    0.50    0.00   99.50
Average:     CPU    %usr   %nice    %sys %iowait    %irq   %soft  %steal  %guest   %idle
Average:     all   25.09    0.00    0.12    0.00    0.00    0.00    0.00    0.00   74.78
Average:       0  100.00    0.00    0.00    0.00    0.00    0.00    0.00    0.00    0.00
Average:       1    0.00    0.00    0.00    0.00    0.00    0.00    0.00    0.00  100.00
Average:       2    0.00    0.00    0.50    0.00    0.00    0.00    0.00    0.00   99.50
Average:       3    0.00    0.00    0.00    0.00    0.00    0.00    0.00    0.00  100.00
