Average:     CPU    %usr   %nice    %sys %iowait    %irq   %soft  %steal  %guest   %idle
Average:     all    0.76    0.00    0.76   22.01    0.00    0.00    0.13    0.00   76.34
Average:       0    3.21    0.00    3.74   91.44    0.00    0.00    0.53    0.00    1.07
Average:       1    0.00    0.00    0.00    1.00    0.00    0.00    0.00    0.00   99.00
Average:       2    0.00    0.00    0.00    0.00    0.00    0.00    0.00    0.00  100.00
Average:       3    0.00    0.00    0.00    0.00    0.00    0.00    0.00    0.00  100.00
Average:     CPU    %usr   %nice    %sys %iowait    %irq   %soft  %steal  %guest   %idle
Average:     all    0.00    0.00    3.06   20.38    0.00    0.00    0.13    0.00   76.43
Average:       0    0.00    0.00   12.50   86.96    0.00    0.00    0.54    0.00    0.00
Average:       1    0.00    0.00    0.00    0.00    0.00    0.00    0.00    0.00  100.00
Average:       2    0.00    0.00    0.00    0.00    0.00    0.00    0.00    0.00  100.00
Average:       3    0.00    0.00    0.00    0.00    0.00    0.00    0.00    0.00  100.00
Average:     CPU    %usr   %nice    %sys %iowait    %irq   %soft  %steal  %guest   %idle
Average:     all    0.00    0.00    1.55   20.93    0.00    0.00    0.00    0.00   77.52
Average:       0    0.00    0.00    6.36   93.64    0.00    0.00    0.00    0.00    0.00
Average:       1    0.00    0.00    0.00    0.00    0.00    0.00    0.00    0.00  100.00
Average:       2    0.00    0.00    0.00    0.00    0.00    0.00    0.00    0.00  100.00
Average:       3    0.00    0.00    0.50    0.00    0.00    0.00    0.00    0.00   99.50
Average:     CPU    %usr   %nice    %sys %iowait    %irq   %soft  %steal  %guest   %idle
Average:     all    0.00    0.00    0.91   20.83    0.00    0.00    0.13    0.00   78.12
Average:       0    0.00    0.00    4.19   95.81    0.00    0.00    0.00    0.00    0.00
Average:       1    0.00    0.00    0.00    0.00    0.00    0.00    0.00    0.00  100.00
Average:       2    0.00    0.00    0.00    0.00    0.00    0.00    0.00    0.00  100.00
Average:       3    0.00    0.00    0.00    0.00    0.00    0.00    0.00    0.00  100.00
Average:     CPU    %usr   %nice    %sys %iowait    %irq   %soft  %steal  %guest   %idle
Average:     all    0.00    0.00    3.43   20.33    0.00    0.00    0.00    0.00   76.24
Average:       0    0.00    0.00   14.36   85.11    0.00    0.00    0.53    0.00    0.00
Average:       1    0.00    0.00    0.00    0.00    0.00    0.00    0.00    0.00  100.00
Average:       2    0.00    0.00    0.00    0.00    0.00    0.00    0.00    0.00  100.00
Average:       3    0.00    0.00    0.00    0.00    0.00    0.00    0.00    0.00  100.00
Average:     CPU    %usr   %nice    %sys %iowait    %irq   %soft  %steal  %guest   %idle
Average:     all    0.00    0.00    2.77   21.66    0.00    0.00    0.00    0.00   75.57
Average:       0    0.00    0.00   10.88   88.60    0.00    0.00    0.52    0.00    0.00
Average:       1    0.00    0.00    0.00    0.00    0.00    0.00    0.00    0.00  100.00
Average:       2    0.00    0.00    0.00    0.00    0.00    0.00    0.00    0.00  100.00
Average:       3    0.00    0.00    0.00    0.00    0.00    0.00    0.00    0.00  100.00
Average:     CPU    %usr   %nice    %sys %iowait    %irq   %soft  %steal  %guest   %idle
Average:     all    0.00    0.00    4.36   20.92    0.00    0.00    0.00    0.00   74.72
Average:       0    0.00    0.00   17.16   82.35    0.00    0.00    0.49    0.00    0.00
Average:       1    0.00    0.00    0.00    0.00    0.00    0.00    0.00    0.00  100.00
Average:       2    0.00    0.00    0.00    0.00    0.00    0.00    0.00    0.00  100.00
Average:       3    0.00    0.00    0.00    0.00    0.00    0.00    0.00    0.00  100.00
Average:     CPU    %usr   %nice    %sys %iowait    %irq   %soft  %steal  %guest   %idle
Average:     all    0.00    0.00    3.64   20.95    0.00    0.00    0.13    0.00   75.28
Average:       0    0.00    0.00   14.80   85.20    0.00    0.00    0.00    0.00    0.00
Average:       1    0.00    0.00    0.00    0.00    0.00    0.00    0.00    0.00  100.00
Average:       2    0.00    0.00    0.00    0.00    0.00    0.00    0.00    0.00  100.00
Average:       3    0.00    0.00    0.00    0.00    0.00    0.00    0.00    0.00  100.00
Average:     CPU    %usr   %nice    %sys %iowait    %irq   %soft  %steal  %guest   %idle
Average:     all    0.00    0.00    1.55   21.01    0.00    0.00    0.13    0.00   77.32
Average:       0    0.00    0.00    6.86   93.14    0.00    0.00    0.00    0.00    0.00
Average:       1    0.00    0.00    0.00    0.00    0.00    0.00    0.00    0.00  100.00
Average:       2    0.00    0.00    0.00    0.00    0.00    0.00    0.00    0.00  100.00
Average:       3    0.00    0.00    0.00    0.00    0.00    0.00    0.00    0.00  100.00
Average:     CPU    %usr   %nice    %sys %iowait    %irq   %soft  %steal  %guest   %idle
Average:     all    0.00    0.00    2.31   20.64    0.00    0.00    0.13    0.00   76.92
Average:       0    0.00    0.00   10.00   89.44    0.00    0.00    0.56    0.00    0.00
Average:       1    0.00    0.00    0.00    0.00    0.00    0.00    0.00    0.00  100.00
Average:       2    0.00    0.00    0.00    0.00    0.00    0.00    0.00    0.00  100.00
Average:       3    0.00    0.00    0.00    0.00    0.00    0.00    0.00    0.00  100.00
Average:     CPU    %usr   %nice    %sys %iowait    %irq   %soft  %steal  %guest   %idle
Average:     all    0.00    0.00    3.33   20.49    0.00    0.00    0.13    0.00   76.06
Average:       0    0.00    0.00   11.11   88.33    0.00    0.00    0.56    0.00    0.00
Average:       1    0.00    0.00    0.00    0.00    0.00    0.00    0.00    0.00  100.00
Average:       2    0.00    0.00    3.50    0.00    0.00    0.00    0.00    0.00   96.50
Average:       3    0.00    0.00    0.00    0.00    0.00    0.00    0.00    0.00  100.00
Average:     CPU    %usr   %nice    %sys %iowait    %irq   %soft  %steal  %guest   %idle
Average:     all    0.00    0.00    3.46   20.38    0.00    0.00    0.13    0.00   76.03
Average:       0    0.00    0.00    9.09   90.34    0.00    0.00    0.57    0.00    0.00
Average:       1    0.00    0.00    4.88    0.00    0.00    0.00    0.49    0.00   94.63
Average:       2    0.00    0.00    0.00    0.00    0.00    0.00    0.00    0.00  100.00
Average:       3    0.00    0.00    0.00    0.00    0.00    0.00    0.00    0.00  100.00
Average:     CPU    %usr   %nice    %sys %iowait    %irq   %soft  %steal  %guest   %idle
Average:     all    0.00    0.00    3.82   20.38    0.00    0.00    0.13    0.00   75.67
Average:       0    0.00    0.00   12.50   86.96    0.00    0.00    0.54    0.00    0.00
Average:       1    0.00    0.00    0.00    0.00    0.00    0.00    0.00    0.00  100.00
Average:       2    0.00    0.00    0.00    0.00    0.00    0.00    0.00    0.00  100.00
Average:       3    0.00    0.00    3.48    0.00    0.00    0.00    0.00    0.00   96.52
Average:     CPU    %usr   %nice    %sys %iowait    %irq   %soft  %steal  %guest   %idle
Average:     all    0.00    0.00    5.16   20.13    0.00    0.00    0.13    0.00   74.59
Average:       0    0.00    0.00   17.77   81.73    0.00    0.00    0.51    0.00    0.00
Average:       1    0.00    0.00    0.00    0.00    0.00    0.00    0.00    0.00  100.00
Average:       2    0.00    0.00    0.00    0.00    0.00    0.00    0.00    0.00  100.00
Average:       3    0.00    0.00    3.02    0.00    0.00    0.00    0.00    0.00   96.98
Average:     CPU    %usr   %nice    %sys %iowait    %irq   %soft  %steal  %guest   %idle
Average:     all    0.00    0.00    4.41   20.68    0.00    0.00    0.00    0.00   74.91
Average:       0    0.00    0.00   14.51   84.97    0.00    0.00    0.52    0.00    0.00
Average:       1    0.00    0.00    0.00    0.00    0.00    0.00    0.00    0.00  100.00
Average:       2    0.00    0.00    0.00    0.00    0.00    0.00    0.00    0.00  100.00
Average:       3    0.00    0.00    3.02    0.00    0.00    0.00    0.00    0.00   96.98
Average:     CPU    %usr   %nice    %sys %iowait    %irq   %soft  %steal  %guest   %idle
Average:     all    0.00    0.00   25.00    0.00    0.00    0.00    0.00    0.00   75.00
Average:       0    0.00    0.00  100.00    0.00    0.00    0.00    0.00    0.00    0.00
Average:       1    0.00    0.00    0.00    0.00    0.00    0.00    0.00    0.00  100.00
Average:       2    0.00    0.00    0.00    0.00    0.00    0.00    0.00    0.00  100.00
Average:       3    0.00    0.00    0.00    0.00    0.00    0.00    0.00    0.00  100.00
