Average:       2    0.00    0.00    0.00    0.00    0.00    0.00    0.00    0.00  100.00
Average:       3    0.00    0.00    0.00    0.00    0.00    0.00    0.00    0.00  100.00
Average:       4    0.00    0.00    0.00    0.00    0.00    0.00    0.00    0.00  100.00
Average:       5    0.00    0.00    0.00    0.00    0.00    0.00    0.00    0.00  100.00
Average:       6    0.00    0.00    0.00    0.00    0.00    0.00    0.00    0.00  100.00
Average:       7    0.00    0.00    0.00    0.00    0.00    0.00    0.00    0.00  100.00
Average:       2    0.00    0.00    0.00    0.00    0.00    0.00    0.00    0.00  100.00
Average:       3    0.00    0.00    0.00    0.00    0.00    0.00    0.00    0.00  100.00
Average:       4    0.00    0.00    0.00    0.00    0.00    0.00    0.00    0.00  100.00
Average:       5    0.00    0.00    0.00    0.00    0.00    0.00    0.00    0.00  100.00
Average:       6    0.00    0.00    0.00    0.00    0.00    0.00    0.00    0.00  100.00
Average:       7    0.00    0.00    0.50    0.00    0.00    0.00    0.00    0.00   99.50
Average:       2    0.00    0.00    0.50    0.50    0.00    0.00    0.00    0.00   99.00
Average:       3    0.00    0.00    0.00    0.00    0.00    0.00    0.00    0.00  100.00
Average:       4    0.00    0.00    0.00    0.00    0.00    0.00    0.00    0.00  100.00
Average:       5    0.00    0.00    0.00    0.00    0.00    0.00    0.00    0.00  100.00
Average:       6    0.00    0.00    0.00    0.00    0.00    0.00    0.00    0.00  100.00
Average:       7    0.00    0.00    0.00    0.00    0.00    0.00    0.00    0.00  100.00
Average:       2    0.00    0.00    0.00    0.00    0.00    0.00    0.00    0.00  100.00
Average:       3    0.00    0.00    0.00    0.00    0.00    0.00    0.00    0.00  100.00
Average:       4    0.00    0.00    0.00    0.00    0.00    0.00    0.00    0.00  100.00
Average:       5    0.00    0.00    0.00    0.00    0.00    0.00    0.00    0.00  100.00
Average:       6    0.50    0.00    0.00    0.00    0.00    0.00    0.00    0.00   99.50
Average:       7    0.00    0.00    0.00    0.00    0.00    0.00    0.00    0.00  100.00
Average:       2    0.50    0.00    1.00    0.00    0.00    0.00    0.00    0.00   98.50
Average:       3    0.00    0.00    1.01    0.00    0.00    0.00    0.00    0.00   98.99
Average:       4    0.00    0.00    1.50    2.00    0.00    0.00    0.00    0.00   96.50
Average:       5    0.00    0.00    1.50    1.00    0.00    0.00    0.00    0.00   97.50
Average:       6    0.00    0.00    1.51    1.01    0.00    0.00    0.00    0.00   97.49
Average:       7    0.00    0.00    1.01    0.50    0.00    0.00    0.00    0.00   98.49
Average:       2    0.00    0.00    0.00    0.50    0.00    0.00    0.00    0.00   99.50
Average:       3    0.00    0.00    0.00    0.00    0.00    0.00    0.00    0.00  100.00
Average:       4    0.00    0.00    0.00    0.00    0.00    0.00    0.00    0.00  100.00
Average:       5    0.00    0.00    0.00    0.00    0.00    0.00    0.00    0.00  100.00
Average:       6    0.00    0.00    0.00    0.00    0.00    0.00    0.00    0.00  100.00
Average:       7    0.00    0.00    0.00    0.00    0.00    0.00    0.00    0.00  100.00
Average:       2    0.00    0.00    0.00    0.00    0.00    0.00    0.00    0.00  100.00
Average:       3    0.00    0.00    0.00    0.00    0.00    0.00    0.00    0.00  100.00
Average:       4    0.00    0.00    0.00    0.00    0.00    0.00    0.00    0.00  100.00
Average:       5    0.00    0.00    0.00    0.00    0.00    0.00    0.00    0.00  100.00
Average:       6    0.00    0.00    0.00    0.00    0.00    0.00    0.00    0.00  100.00
Average:       7    0.00    0.00    0.00    0.00    0.00    0.00    0.00    0.00  100.00
Average:       2    0.00    0.00    0.00    0.50    0.00    0.00    0.00    0.00   99.50
Average:       3    0.00    0.00    0.00    0.00    0.00    0.00    0.00    0.00  100.00
Average:       4    0.00    0.00    0.00    0.00    0.00    0.00    0.00    0.00  100.00
Average:       5    0.00    0.00    0.00    0.00    0.00    0.00    0.00    0.00  100.00
Average:       6    0.00    0.00    0.00    0.00    0.00    0.00    0.00    0.00  100.00
Average:       7    0.00    0.00    0.00    0.00    0.00    0.00    0.00    0.00  100.00
Average:       2    0.00    0.00    0.00    0.00    0.00    0.00    0.00    0.00  100.00
Average:       3    0.00    0.00    0.00    0.00    0.00    0.00    0.00    0.00  100.00
Average:       4    0.00    0.00    0.00    0.00    0.00    0.00    0.00    0.00  100.00
Average:       5    0.00    0.00    0.00    0.00    0.00    0.00    0.00    0.00  100.00
Average:       6    0.00    0.00    0.00    0.00    0.00    0.00    0.00    0.00  100.00
Average:       7    0.00    0.00    0.00    0.00    0.00    0.00    0.00    0.00  100.00
Average:       2    0.00    0.00    0.50    0.50    0.00    0.00    0.00    0.00   99.00
Average:       3    0.00    0.00    0.00    0.00    0.00    0.00    0.00    0.00  100.00
Average:       4    0.00    0.00    0.00    0.00    0.00    0.00    0.00    0.00  100.00
Average:       5    0.00    0.00    0.00    0.00    0.00    0.00    0.00    0.00  100.00
Average:       6    0.00    0.00    0.00    0.00    0.00    0.00    0.00    0.00  100.00
Average:       7    0.00    0.00    0.00    0.00    0.00    0.00    0.00    0.00  100.00
Average:       2    0.00    0.00    0.00    0.00    0.00    0.00    0.00    0.00  100.00
Average:       3    0.00    0.00    0.00    0.00    0.00    0.00    0.00    0.00  100.00
Average:       4    0.00    0.00    0.00    0.00    0.00    0.00    0.00    0.00  100.00
Average:       5    0.00    0.00    0.00    0.00    0.00    0.00    0.00    0.00  100.00
Average:       6    0.00    0.00    0.00    0.00    0.00    0.00    0.00    0.00  100.00
Average:       7    0.00    0.00    0.00    0.00    0.00    0.00    0.00    0.00  100.00
