Average:       2    1.01    0.00    1.01    5.05    0.00    0.00    0.00    0.00   92.93
Average:       3    0.50    0.00    0.50    3.02    0.00    0.00    0.00    0.00   95.98
Average:       4    0.00    0.00    0.00    0.00    0.00    0.00    0.00    0.00  100.00
Average:       5    0.00    0.00    0.00    0.00    0.00    0.00    0.00    0.00  100.00
Average:       6    0.00    0.00    0.00    0.00    0.00    0.00    0.00    0.00  100.00
Average:       7    0.00    0.00    0.00    0.00    0.00    0.00    0.00    0.00  100.00
Average:       2    0.00    0.00    0.00    0.00    0.00    0.00    0.00    0.00  100.00
Average:       3   21.11    0.00    2.01    1.51    0.00    0.00    0.00    0.00   75.38
Average:       4    0.00    0.00    0.00    0.00    0.00    0.00    0.00    0.00  100.00
Average:       5    0.00    0.00    0.00    0.00    0.00    0.00    0.00    0.00  100.00
Average:       6    0.00    0.00    0.00    0.00    0.00    0.00    0.00    0.00  100.00
Average:       7    0.00    0.00    0.00    0.00    0.00    0.00    0.00    0.00  100.00
Average:       2    0.50    0.00    0.00    0.00    0.00    0.00    0.00    0.00   99.50
Average:       3    0.00    0.00    0.00    0.00    0.00    0.00    0.00    0.00  100.00
Average:       4    0.00    0.00    0.00    0.00    0.00    0.00    0.00    0.00  100.00
Average:       5    0.00    0.00    0.00    0.00    0.00    0.00    0.00    0.00  100.00
Average:       6    2.00    0.00    0.00    0.00    0.00    0.00    0.00    0.00   98.00
Average:       7    0.00    0.00    0.00    0.00    0.00    0.00    0.00    0.00  100.00
Average:       2    1.50    0.00    1.00    0.00    0.00    0.00    0.00    0.00   97.50
Average:       3    0.00    0.00    0.00    0.00    0.00    0.00    0.00    0.00  100.00
Average:       4    0.00    0.00    0.00    1.01    0.00    0.00    0.00    0.00   98.99
Average:       5    0.00    0.00    0.00    0.00    0.00    0.00    0.00    0.00  100.00
Average:       6    0.00    0.00    0.00    0.00    0.00    0.00    0.00    0.00  100.00
Average:       7    0.00    0.00    0.00    0.00    0.00    0.00    0.00    0.00  100.00
Average:       2    0.00    0.00    0.00    0.00    0.00    0.00    0.00    0.00  100.00
Average:       3    0.00    0.00    0.00    0.00    0.00    0.00    0.00    0.00  100.00
Average:       4    0.00    0.00    0.00    0.00    0.00    0.00    0.00    0.00  100.00
Average:       5    0.00    0.00    0.00    0.00    0.00    0.00    0.00    0.00  100.00
Average:       6    1.00    0.00    0.50    0.00    0.00    0.00    0.00    0.00   98.50
Average:       7    0.00    0.00    0.00    0.00    0.00    0.00    0.00    0.00  100.00
Average:       2    0.50    0.00    0.50    0.00    0.00    0.00    0.00    0.00   99.00
Average:       3    0.00    0.00    0.00    0.00    0.00    0.00    0.00    0.00  100.00
Average:       4    0.50    0.00    0.50    0.00    0.00    0.00    0.00    0.00   99.00
Average:       5    0.00    0.00    0.00    0.00    0.00    0.00    0.00    0.00  100.00
Average:       6   17.50    0.00    1.50    1.50    0.00    0.00    0.50    0.00   79.00
Average:       7    0.00    0.00    0.50    0.00    0.00    0.00    0.00    0.00   99.50
Average:       2    0.00    0.00    0.00    0.00    0.00    0.00    0.00    0.00  100.00
Average:       3    1.00    0.00    0.00    0.00    0.00    0.00    0.00    0.00   99.00
Average:       4   16.92    0.00    1.00    1.49    0.00    0.00    0.00    0.00   80.60
Average:       5    0.00    0.00    0.00    0.00    0.00    0.00    0.00    0.00  100.00
Average:       6    1.99    0.00    1.00    0.00    0.00    0.00    0.00    0.00   97.01
Average:       7    0.00    0.00    0.00    0.00    0.00    0.00    0.00    0.00  100.00
Average:       2    0.00    0.00    0.00    0.00    0.00    0.00    0.00    0.00  100.00
Average:       3    0.00    0.00    0.00    0.00    0.00    0.00    0.00    0.00  100.00
Average:       4    0.00    0.00    0.00    0.00    0.00    0.00    0.00    0.00  100.00
Average:       5    0.00    0.00    0.00    0.00    0.00    0.00    0.00    0.00  100.00
Average:       6    1.01    0.00    0.50    0.00    0.00    0.00    0.00    0.00   98.49
Average:       7    0.00    0.00    0.00    0.00    0.00    0.00    0.00    0.00  100.00
Average:       2    1.00    0.00    0.00    0.00    0.00    0.00    0.00    0.00   99.00
Average:       3    0.50    0.00    0.50    0.00    0.00    0.00    0.00    0.00   99.00
Average:       4    0.51    0.00    0.00    0.00    0.00    0.00    0.00    0.00   99.49
Average:       5    0.00    0.00    0.00    0.00    0.00    0.00    0.00    0.00  100.00
Average:       6    0.00    0.00    0.00    0.00    0.00    0.00    0.00    0.00  100.00
Average:       7    0.00    0.00    0.00    0.00    0.00    0.00    0.00    0.00  100.00
Average:       2    1.00    0.00    0.00    0.00    0.00    0.00    0.00    0.00   99.00
Average:       3    0.50    0.00    0.00    0.00    0.00    0.00    0.50    0.00   99.00
Average:       4   16.08    0.00    1.51    2.01    0.00    0.00    0.00    0.00   80.40
Average:       5    0.00    0.00    0.00    0.00    0.00    0.00    0.00    0.00  100.00
Average:       6    0.00    0.00    0.00    0.00    0.00    0.00    0.00    0.00  100.00
Average:       7    0.00    0.00    0.50    0.00    0.00    0.00    0.00    0.00   99.50
Average:       2    0.00    0.00    0.50    0.00    0.00    0.00    0.00    0.00   99.50
Average:       3   19.60    0.00    2.01    2.01    0.00    0.00    0.00    0.00   76.38
Average:       4    0.00    0.00    0.00    0.00    0.00    0.00    0.00    0.00  100.00
Average:       5    0.00    0.00    0.00    0.00    0.00    0.00    0.00    0.00  100.00
Average:       6    0.00    0.00    0.00    0.00    0.00    0.00    0.00    0.00  100.00
Average:       7    0.00    0.00    0.00    0.00    0.00    0.00    0.00    0.00  100.00
Average:       2   19.40    0.00    1.00    1.99    0.00    0.00    0.00    0.00   77.61
Average:       3    1.00    0.00    0.00    0.00    0.00    0.00    0.00    0.00   99.00
Average:       4    0.00    0.00    0.00    0.00    0.00    0.00    0.00    0.00  100.00
Average:       5    0.00    0.00    0.00    0.00    0.00    0.00    0.00    0.00  100.00
Average:       6    0.00    0.00    0.00    0.00    0.00    0.00    0.00    0.00  100.00
Average:       7    0.00    0.00    0.00    0.00    0.00    0.00    0.00    0.00  100.00
Average:       2    0.50    0.00    0.00    0.00    0.00    0.00    0.00    0.00   99.50
Average:       3    0.00    0.00    0.00    0.00    0.00    0.00    0.00    0.00  100.00
Average:       4    0.00    0.00    0.00    0.00    0.00    0.00    0.00    0.00  100.00
Average:       5    0.00    0.00    0.00    0.00    0.00    0.00    0.00    0.00  100.00
Average:       6   17.17    0.00    1.01    2.02    0.00    0.00    0.00    0.00   79.80
Average:       7    0.00    0.00    0.00    0.00    0.00    0.00    0.00    0.00  100.00
Average:       2    0.00    0.00    0.00    0.00    0.00    0.00    0.00    0.00  100.00
Average:       3    0.50    0.00    0.00    0.00    0.00    0.00    0.00    0.00   99.50
Average:       4    0.00    0.00    0.00    0.00    0.00    0.00    0.00    0.00  100.00
Average:       5    0.00    0.00    0.00    0.00    0.00    0.00    0.00    0.00  100.00
Average:       6    0.00    0.00    0.50    0.00    0.00    0.00    0.00    0.00   99.50
Average:       7    0.00    0.00    0.00    0.00    0.00    0.00    0.00    0.00  100.00
Average:       2    0.00    0.00    0.00    0.00    0.00    0.00    0.00    0.00  100.00
Average:       3    6.00    0.00    0.50    0.00    0.00    0.00    0.00    0.00   93.50
Average:       4    0.00    0.00    0.00    0.00    0.00    0.00    0.00    0.00  100.00
Average:       5    0.00    0.00    0.00    0.00    0.00    0.00    0.00    0.00  100.00
Average:       6    0.00    0.00    0.00    0.00    0.00    0.00    0.00    0.00  100.00
Average:       7    0.00    0.00    0.00    0.00    0.00    0.00    0.00    0.00  100.00
Average:       2    0.00    0.00    0.00    0.00    0.00    0.00    0.00    0.00  100.00
Average:       3    1.50    0.00    0.00    0.00    0.00    0.00    0.50    0.00   98.00
Average:       4    0.00    0.00    0.00    0.00    0.00    0.00    0.00    0.00  100.00
Average:       5    0.00    0.00    0.00    0.00    0.00    0.00    0.00    0.00  100.00
Average:       6    0.00    0.00    0.00    0.00    0.00    0.00    0.00    0.00  100.00
Average:       7    0.00    0.00    0.00    0.00    0.00    0.00    0.00    0.00  100.00
Average:       2    0.00    0.00    0.00    0.00    0.00    0.00    0.00    0.00  100.00
Average:       3    0.00    0.00    0.00    0.00    0.00    0.00    0.00    0.00  100.00
Average:       4    2.01    0.00    0.50    0.00    0.00    0.00    0.00    0.00   97.49
Average:       5    0.00    0.00    0.00    0.00    0.00    0.00    0.00    0.00  100.00
Average:       6    0.00    0.00    0.00    0.00    0.00    0.00    0.00    0.00  100.00
Average:       7    0.00    0.00    0.00    0.00    0.00    0.00    0.00    0.00  100.00
Average:       2    0.00    0.00    0.00    0.00    0.00    0.00    0.00    0.00  100.00
Average:       3    0.00    0.00    0.00    0.00    0.00    0.00    0.00    0.00  100.00
Average:       4    0.00    0.00    0.50    0.00    0.00    0.00    0.00    0.00   99.50
Average:       5    0.00    0.00    0.00    0.00    0.00    0.00    0.00    0.00  100.00
Average:       6    0.00    0.00    0.00    0.00    0.00    0.00    0.00    0.00  100.00
Average:       7    0.00    0.00    0.00    0.00    0.00    0.00    0.00    0.00  100.00
Average:       2    0.00    0.00    0.00    0.00    0.00    0.00    0.00    0.00  100.00
Average:       3    0.00    0.00    0.00    0.00    0.00    0.00    0.00    0.00  100.00
Average:       4    2.00    0.00    0.00    0.00    0.00    0.00    0.00    0.00   98.00
Average:       5    0.00    0.00    0.00    0.00    0.00    0.00    0.00    0.00  100.00
Average:       6    0.50    0.00    0.00    0.00    0.00    0.00    0.00    0.00   99.50
Average:       7    0.00    0.00    0.00    0.00    0.00    0.00    0.00    0.00  100.00
Average:       2    0.00    0.00    0.00    0.00    0.00    0.00    0.00    0.00  100.00
Average:       3    0.00    0.00    0.00    0.00    0.00    0.00    0.00    0.00  100.00
Average:       4    1.50    0.00    0.50    0.00    0.00    0.00    0.00    0.00   98.00
Average:       5    0.00    0.00    0.00    0.00    0.00    0.00    0.00    0.00  100.00
Average:       6    0.00    0.00    0.00    0.00    0.00    0.00    0.50    0.00   99.50
Average:       7    0.00    0.00    0.00    0.00    0.00    0.00    0.00    0.00  100.00
Average:       2    0.00    0.00    0.00    0.00    0.00    0.00    0.00    0.00  100.00
Average:       3    0.00    0.00    0.50    0.00    0.00    0.00    0.00    0.00   99.50
Average:       4    0.00    0.00    0.00    0.00    0.00    0.00    0.00    0.00  100.00
Average:       5    0.00    0.00    0.00    0.00    0.00    0.00    0.00    0.00  100.00
Average:       6    0.00    0.00    0.50    0.00    0.00    0.00    0.00    0.00   99.50
Average:       7    1.01    0.00    0.50    0.00    0.00    0.00    0.00    0.00   98.49
Average:       2    0.50    0.00    0.00    0.00    0.00    0.00    0.00    0.00   99.50
Average:       3    0.50    0.00    0.00    0.00    0.00    0.00    0.00    0.00   99.50
Average:       4   18.09    0.00    1.01    0.50    0.00    0.00    0.00    0.00   80.40
Average:       5    0.00    0.00    0.00    0.00    0.00    0.00    0.00    0.00  100.00
Average:       6    0.00    0.00    0.00    0.00    0.00    0.00    0.00    0.00  100.00
Average:       7    0.00    0.00    0.00    0.00    0.00    0.00    0.00    0.00  100.00
Average:       2    0.00    0.00    0.00    0.00    0.00    0.00    0.00    0.00  100.00
Average:       3    2.49    0.00    0.50    2.99    0.00    0.00    0.00    0.00   94.03
Average:       4    0.00    0.00    0.00    0.00    0.00    0.00    0.00    0.00  100.00
Average:       5    0.00    0.00    0.00    0.00    0.00    0.00    0.00    0.00  100.00
Average:       6    0.00    0.00    0.00    0.00    0.00    0.00    0.00    0.00  100.00
Average:       7    0.00    0.00    0.00    0.00    0.00    0.00    0.00    0.00  100.00
Average:       2    0.00    0.00    0.00    0.00    0.00    0.00    0.00    0.00  100.00
Average:       3    0.50    0.00    0.50    0.00    0.00    0.00    0.00    0.00   99.00
Average:       4    0.00    0.00    0.00    0.00    0.00    0.00    0.00    0.00  100.00
Average:       5   41.29    0.00    1.49    1.99    0.00    0.00    0.50    0.00   54.73
Average:       6    0.00    0.00    0.00    0.00    0.00    0.00    0.00    0.00  100.00
Average:       7    0.00    0.00    0.00    0.00    0.00    0.00    0.00    0.00  100.00
Average:       2    0.00    0.00    0.00    0.00    0.00    0.00    0.00    0.00  100.00
Average:       3    0.00    0.00    0.00    0.00    0.00    0.00    0.00    0.00  100.00
Average:       4    0.00    0.00    0.00    0.00    0.00    0.00    0.00    0.00  100.00
Average:       5    0.00    0.00    0.00    0.00    0.00    0.00    0.00    0.00  100.00
Average:       6    0.00    0.00    0.00    0.00    0.00    0.00    0.00    0.00  100.00
Average:       7    0.00    0.00    0.00    0.00    0.00    0.00    0.00    0.00  100.00
Average:       2    0.00    0.00    0.00    0.00    0.00    0.00    0.00    0.00  100.00
Average:       3    0.00    0.00    0.00    0.00    0.00    0.00    0.00    0.00  100.00
Average:       4    0.00    0.00    0.00    0.00    0.00    0.00    0.00    0.00  100.00
Average:       5    1.02    0.00    0.00    0.00    0.00    0.00    0.00    0.00   98.98
Average:       6    0.00    0.00    0.00    0.00    0.00    0.00    0.00    0.00  100.00
Average:       7    0.00    0.00    0.00    0.00    0.00    0.00    0.00    0.00  100.00
Average:       2    0.00    0.00    0.00    0.00    0.00    0.00    0.00    0.00  100.00
Average:       3    0.00    0.00    0.00    0.00    0.00    0.00    0.00    0.00  100.00
Average:       4    0.00    0.00    0.00    0.00    0.00    0.00    0.00    0.00  100.00
Average:       5    0.00    0.00    0.00    0.00    0.00    0.00    0.00    0.00  100.00
Average:       6    0.00    0.00    0.00    0.00    0.00    0.00    0.00    0.00  100.00
Average:       7    0.00    0.00    0.00    0.00    0.00    0.00    0.00    0.00  100.00
Average:       2    0.00    0.00    0.00    0.00    0.00    0.00    0.00    0.00  100.00
Average:       3    0.00    0.00    0.00    0.00    0.00    0.00    0.00    0.00  100.00
Average:       4    0.00    0.00    0.00    0.00    0.00    0.00    0.00    0.00  100.00
Average:       5    0.00    0.00    0.00    0.00    0.00    0.00    0.00    0.00  100.00
Average:       6    0.00    0.00    0.00    0.00    0.00    0.00    0.00    0.00  100.00
Average:       7    0.00    0.00    0.00    0.00    0.00    0.00    0.00    0.00  100.00
Average:       2    0.00    0.00    0.00    0.00    0.00    0.00    0.00    0.00  100.00
Average:       3    0.50    0.00    0.00    0.00    0.00    0.00    0.00    0.00   99.50
Average:       4    0.00    0.00    0.00    0.00    0.00    0.00    0.00    0.00  100.00
Average:       5    0.00    0.00    0.00    0.00    0.00    0.00    0.00    0.00  100.00
Average:       6    0.00    0.00    0.00    0.00    0.00    0.00    0.00    0.00  100.00
Average:       7    0.00    0.00    0.00    0.00    0.00    0.00    0.00    0.00  100.00
Average:       2    0.00    0.00    0.00    0.00    0.00    0.00    0.00    0.00  100.00
Average:       3    0.00    0.00    0.00    0.00    0.00    0.00    0.00    0.00  100.00
Average:       4    0.00    0.00    0.00    0.00    0.00    0.00    0.00    0.00  100.00
Average:       5    0.00    0.00    0.00    0.00    0.00    0.00    0.00    0.00  100.00
Average:       6    0.00    0.00    0.00    0.00    0.00    0.00    0.00    0.00  100.00
Average:       7    0.00    0.00    0.00    0.00    0.00    0.00    0.00    0.00  100.00
Average:       2    0.00    0.00    0.00    0.00    0.00    0.00    0.00    0.00  100.00
Average:       3    0.00    0.00    0.50    0.00    0.00    0.00    0.00    0.00   99.50
Average:       4    0.00    0.00    0.00    0.00    0.00    0.00    0.00    0.00  100.00
Average:       5    0.00    0.00    0.00    0.00    0.00    0.00    0.00    0.00  100.00
Average:       6    0.00    0.00    0.00    0.00    0.00    0.00    0.00    0.00  100.00
Average:       7    0.00    0.00    0.00    0.00    0.00    0.00    0.00    0.00  100.00
Average:       2    0.00    0.00    0.00    0.00    0.00    0.00    0.00    0.00  100.00
Average:       3    0.50    0.00    0.00    0.00    0.00    0.00    0.00    0.00   99.50
Average:       4    0.00    0.00    0.00    0.00    0.00    0.00    0.00    0.00  100.00
Average:       5    0.00    0.00    0.00    0.00    0.00    0.00    0.00    0.00  100.00
Average:       6    0.00    0.00    0.00    0.00    0.00    0.00    0.00    0.00  100.00
Average:       7    0.00    0.00    0.00    0.00    0.00    0.00    0.00    0.00  100.00
Average:       2    0.00    0.00    0.00    0.00    0.00    0.00    0.00    0.00  100.00
Average:       3    0.00    0.00    0.00    0.00    0.00    0.00    0.00    0.00  100.00
Average:       4    0.00    0.00    0.00    0.00    0.00    0.00    0.00    0.00  100.00
Average:       5    0.00    0.00    0.50    0.00    0.00    0.00    0.00    0.00   99.50
Average:       6    0.00    0.00    0.00    0.00    0.00    0.00    0.00    0.00  100.00
Average:       7    0.00    0.00    0.00    0.00    0.00    0.00    0.00    0.00  100.00
Average:       2    0.00    0.00    0.00    0.00    0.00    0.00    0.00    0.00  100.00
Average:       3    0.00    0.00    0.00    0.00    0.00    0.00    0.00    0.00  100.00
Average:       4    0.00    0.00    0.00    0.00    0.00    0.00    0.00    0.00  100.00
Average:       5    0.00    0.00    0.00    0.00    0.00    0.00    0.00    0.00  100.00
Average:       6    0.00    0.00    0.00    0.00    0.00    0.00    0.00    0.00  100.00
Average:       7    0.00    0.00    0.00    0.00    0.00    0.00    0.00    0.00  100.00
Average:       2    0.00    0.00    0.00    0.00    0.00    0.00    0.00    0.00  100.00
Average:       3    0.00    0.00    0.00    0.00    0.00    0.00    0.00    0.00  100.00
Average:       4    0.00    0.00    0.00    0.00    0.00    0.00    0.00    0.00  100.00
Average:       5    0.00    0.00    0.00    0.00    0.00    0.00    0.00    0.00  100.00
Average:       6    0.00    0.00    0.00    0.00    0.00    0.00    0.00    0.00  100.00
Average:       7    0.00    0.00    0.00    0.00    0.00    0.00    0.00    0.00  100.00
Average:       2    0.00    0.00    0.00    0.00    0.00    0.00    0.00    0.00  100.00
Average:       3    0.00    0.00    0.00    0.00    0.00    0.00    0.00    0.00  100.00
Average:       4    0.00    0.00    0.00    0.00    0.00    0.00    0.00    0.00  100.00
Average:       5    0.00    0.00    0.00    0.00    0.00    0.00    0.00    0.00  100.00
Average:       6    0.00    0.00    0.00    0.00    0.00    0.00    0.00    0.00  100.00
Average:       7    0.00    0.00    0.00    0.00    0.00    0.00    0.00    0.00  100.00
Average:       2    0.00    0.00    0.00    0.00    0.00    0.00    0.00    0.00  100.00
Average:       3    0.00    0.00    0.00    0.00    0.00    0.00    0.00    0.00  100.00
Average:       4    0.00    0.00    0.00    0.00    0.00    0.00    0.00    0.00  100.00
Average:       5    0.00    0.00    0.00    0.00    0.00    0.00    0.00    0.00  100.00
Average:       6    0.00    0.00    0.00    0.00    0.00    0.00    0.00    0.00  100.00
Average:       7    0.00    0.00    0.00    0.00    0.00    0.00    0.00    0.00  100.00
Average:       2    0.00    0.00    0.00    0.00    0.00    0.00    0.00    0.00  100.00
Average:       3    0.00    0.00    0.00    0.00    0.00    0.00    0.00    0.00  100.00
Average:       4    0.00    0.00    0.00    0.00    0.00    0.00    0.00    0.00  100.00
Average:       5    0.00    0.00    0.00    0.00    0.00    0.00    0.00    0.00  100.00
Average:       6    0.00    0.00    0.00    0.00    0.00    0.00    0.00    0.00  100.00
Average:       7    0.00    0.00    0.00    0.00    0.00    0.00    0.00    0.00  100.00
Average:       2    0.00    0.00    0.00    0.00    0.00    0.00    0.00    0.00  100.00
Average:       3    0.00    0.00    0.00    0.00    0.00    0.00    0.00    0.00  100.00
Average:       4    0.00    0.00    0.00    0.00    0.00    0.00    0.00    0.00  100.00
Average:       5    0.00    0.00    0.00    0.00    0.00    0.00    0.00    0.00  100.00
Average:       6    0.00    0.00    0.00    0.00    0.00    0.00    0.00    0.00  100.00
Average:       7    0.00    0.00    0.00    0.00    0.00    0.00    0.00    0.00  100.00
Average:       2    0.00    0.00    0.00    0.00    0.00    0.00    0.00    0.00  100.00
Average:       3    0.00    0.00    0.00    0.00    0.00    0.00    0.00    0.00  100.00
Average:       4    0.00    0.00    0.00    0.00    0.00    0.00    0.00    0.00  100.00
Average:       5    0.00    0.00    0.00    0.00    0.00    0.00    0.00    0.00  100.00
Average:       6    0.00    0.00    0.00    0.00    0.00    0.00    0.00    0.00  100.00
Average:       7    0.00    0.00    0.00    0.00    0.00    0.00    0.00    0.00  100.00
Average:       2    0.00    0.00    0.00    0.00    0.00    0.00    0.00    0.00  100.00
Average:       3    0.00    0.00    0.00    0.00    0.00    0.00    0.00    0.00  100.00
Average:       4    0.00    0.00    0.00    0.00    0.00    0.00    0.00    0.00  100.00
Average:       5    0.00    0.00    0.00    0.00    0.00    0.00    0.00    0.00  100.00
Average:       6    0.00    0.00    0.00    0.00    0.00    0.00    0.00    0.00  100.00
Average:       7    0.00    0.00    0.00    0.00    0.00    0.00    0.00    0.00  100.00
Average:       2    0.00    0.00    0.00    0.00    0.00    0.00    0.00    0.00  100.00
Average:       3    0.00    0.00    0.00    0.00    0.00    0.00    0.00    0.00  100.00
Average:       4    0.00    0.00    0.00    0.00    0.00    0.00    0.00    0.00  100.00
Average:       5    0.00    0.00    0.00    0.00    0.00    0.00    0.00    0.00  100.00
Average:       6    0.00    0.00    0.00    0.00    0.00    0.00    0.00    0.00  100.00
Average:       7    0.00    0.00    0.00    0.00    0.00    0.00    0.00    0.00  100.00
Average:       2    0.00    0.00    0.00    0.00    0.00    0.00    0.00    0.00  100.00
Average:       3    0.50    0.00    0.00    0.00    0.00    0.00    0.00    0.00   99.50
Average:       4    0.00    0.00    0.00    0.00    0.00    0.00    0.00    0.00  100.00
Average:       5    0.00    0.00    0.00    0.00    0.00    0.00    0.00    0.00  100.00
Average:       6    0.00    0.00    0.00    0.00    0.00    0.00    0.00    0.00  100.00
Average:       7    0.00    0.00    0.00    0.00    0.00    0.00    0.00    0.00  100.00
Average:       2    0.00    0.00    0.00    0.00    0.00    0.00    0.00    0.00  100.00
Average:       3    0.00    0.00    0.00    0.00    0.00    0.00    0.00    0.00  100.00
Average:       4    0.00    0.00    0.00    0.00    0.00    0.00    0.00    0.00  100.00
Average:       5    0.00    0.00    0.00    0.00    0.00    0.00    0.00    0.00  100.00
Average:       6    0.00    0.00    0.00    0.00    0.00    0.00    0.00    0.00  100.00
Average:       7    0.00    0.00    0.00    0.00    0.00    0.00    0.00    0.00  100.00
Average:       2    0.00    0.00    0.00    0.00    0.00    0.00    0.00    0.00  100.00
Average:       3    0.00    0.00    0.00    0.00    0.00    0.00    0.00    0.00  100.00
Average:       4    0.00    0.00    0.00    0.00    0.00    0.00    0.00    0.00  100.00
Average:       5    0.00    0.00    0.00    0.00    0.00    0.00    0.00    0.00  100.00
Average:       6    0.00    0.00    0.00    0.00    0.00    0.00    0.00    0.00  100.00
Average:       7    0.00    0.00    0.00    0.00    0.00    0.00    0.00    0.00  100.00
Average:       2    0.00    0.00    0.00    0.00    0.00    0.00    0.00    0.00  100.00
Average:       3    0.00    0.00    0.00    0.00    0.00    0.00    0.00    0.00  100.00
Average:       4    0.00    0.00    0.00    0.00    0.00    0.00    0.00    0.00  100.00
Average:       5    0.00    0.00    0.00    0.00    0.00    0.00    0.00    0.00  100.00
Average:       6    0.00    0.00    0.00    0.00    0.00    0.00    0.00    0.00  100.00
Average:       7    0.00    0.00    0.00    0.00    0.00    0.00    0.00    0.00  100.00
Average:       2    0.50    0.00    0.00    0.00    0.00    0.00    0.00    0.00   99.50
Average:       3    0.00    0.00    0.00    0.00    0.00    0.00    0.00    0.00  100.00
Average:       4    0.00    0.00    0.00    0.00    0.00    0.00    0.00    0.00  100.00
Average:       5    0.00    0.00    0.00    0.00    0.00    0.00    0.00    0.00  100.00
Average:       6    0.00    0.00    0.00    0.00    0.00    0.00    0.00    0.00  100.00
Average:       7    0.00    0.00    0.00    0.00    0.00    0.00    0.00    0.00  100.00
Average:       2    0.00    0.00    0.00    0.00    0.00    0.00    0.00    0.00  100.00
Average:       3    0.00    0.00    0.00    0.00    0.00    0.00    0.00    0.00  100.00
Average:       4    0.00    0.00    0.00    0.00    0.00    0.00    0.00    0.00  100.00
Average:       5    0.00    0.00    0.00    0.00    0.00    0.00    0.00    0.00  100.00
Average:       6    0.00    0.00    0.00    0.00    0.00    0.00    0.00    0.00  100.00
Average:       7    0.00    0.00    0.00    0.00    0.00    0.00    0.00    0.00  100.00
Average:       2    0.00    0.00    0.00    0.00    0.00    0.00    0.00    0.00  100.00
Average:       3    0.00    0.00    0.00    0.00    0.00    0.00    0.00    0.00  100.00
Average:       4    0.00    0.00    0.00    0.00    0.00    0.00    0.00    0.00  100.00
Average:       5    0.00    0.00    0.00    0.00    0.00    0.00    0.00    0.00  100.00
Average:       6    0.00    0.00    0.00    0.00    0.00    0.00    0.00    0.00  100.00
Average:       7    0.00    0.00    0.00    0.00    0.00    0.00    0.00    0.00  100.00
Average:       2    0.00    0.00    0.00    0.00    0.00    0.00    0.00    0.00  100.00
Average:       3    0.00    0.00    0.00    0.00    0.00    0.00    0.00    0.00  100.00
Average:       4    0.00    0.00    0.00    0.00    0.00    0.00    0.00    0.00  100.00
Average:       5    0.00    0.00    0.00    0.00    0.00    0.00    0.00    0.00  100.00
Average:       6    0.00    0.00    0.00    0.00    0.00    0.00    0.00    0.00  100.00
Average:       7    0.00    0.00    0.00    0.00    0.00    0.00    0.00    0.00  100.00
Average:       2    0.00    0.00    0.00    0.00    0.00    0.00    0.00    0.00  100.00
Average:       3    0.00    0.00    0.00    0.00    0.00    0.00    0.00    0.00  100.00
Average:       4    0.00    0.00    0.00    0.00    0.00    0.00    0.00    0.00  100.00
Average:       5    0.00    0.00    0.00    0.00    0.00    0.00    0.00    0.00  100.00
Average:       6    0.50    0.00    0.00    0.00    0.00    0.00    0.00    0.00   99.50
Average:       7    0.00    0.00    0.00    0.00    0.00    0.00    0.00    0.00  100.00
Average:       2   98.51    0.00    1.00    0.00    0.00    0.00    0.00    0.00    0.50
Average:       3  100.00    0.00    0.00    0.00    0.00    0.00    0.00    0.00    0.00
Average:       4   99.00    0.00    1.00    0.00    0.00    0.00    0.00    0.00    0.00
Average:       5    0.00    0.00    0.00    0.00    0.00    0.00    0.50    0.00   99.50
Average:       6    0.00    0.00    0.00    0.00    0.00    0.00    0.00    0.00  100.00
Average:       7    0.00    0.00    0.00    0.00    0.00    0.00    0.00    0.00  100.00
Average:       2   98.99    0.00    1.01    0.00    0.00    0.00    0.00    0.00    0.00
Average:       3   99.50    0.00    0.50    0.00    0.00    0.00    0.00    0.00    0.00
Average:       4   98.99    0.00    1.01    0.00    0.00    0.00    0.00    0.00    0.00
Average:       5    0.00    0.00    0.00    0.00    0.00    0.00    0.00    0.00  100.00
Average:       6    0.00    0.00    0.00    0.00    0.00    0.00    0.00    0.00  100.00
Average:       7    0.00    0.00    0.00    0.00    0.00    0.00    0.00    0.00  100.00
Average:       2   99.00    0.00    0.50    0.00    0.00    0.00    0.50    0.00    0.00
Average:       3   98.51    0.00    1.00    0.00    0.00    0.00    0.50    0.00    0.00
Average:       4   99.00    0.00    1.00    0.00    0.00    0.00    0.00    0.00    0.00
Average:       5    0.00    0.00    0.00    0.00    0.00    0.00    0.00    0.00  100.00
Average:       6    0.00    0.00    0.00    0.00    0.00    0.00    0.00    0.00  100.00
Average:       7    0.00    0.00    0.00    0.00    0.00    0.00    0.00    0.00  100.00
Average:       2    0.00    0.00    0.00    0.00    0.00    0.00    0.00    0.00  100.00
Average:       3  100.00    0.00    0.00    0.00    0.00    0.00    0.00    0.00    0.00
Average:       4  100.00    0.00    0.00    0.00    0.00    0.00    0.00    0.00    0.00
Average:       5    0.50    0.00    0.00    0.00    0.00    0.00    0.50    0.00   99.00
Average:       6    0.00    0.00    0.00    0.00    0.00    0.00    0.00    0.00  100.00
Average:       7    0.00    0.00    0.00    0.00    0.00    0.00    0.00    0.00  100.00
Average:       2    0.00    0.00    0.00    0.00    0.00    0.00    0.00    0.00  100.00
Average:       3  100.00    0.00    0.00    0.00    0.00    0.00    0.00    0.00    0.00
Average:       4  100.00    0.00    0.00    0.00    0.00    0.00    0.00    0.00    0.00
Average:       5    0.00    0.00    0.00    0.00    0.00    0.00    0.00    0.00  100.00
Average:       6    0.00    0.00    0.50    0.00    0.00    0.00    0.00    0.00   99.50
Average:       7    0.00    0.00    0.00    0.00    0.00    0.00    0.00    0.00  100.00
Average:       2    0.00    0.00    0.00    0.00    0.00    0.00    0.00    0.00  100.00
Average:       3  100.00    0.00    0.00    0.00    0.00    0.00    0.00    0.00    0.00
Average:       4  100.00    0.00    0.00    0.00    0.00    0.00    0.00    0.00    0.00
Average:       5    0.00    0.00    0.00    0.00    0.00    0.00    0.00    0.00  100.00
Average:       6    0.00    0.00    0.00    0.00    0.00    0.00    0.00    0.00  100.00
Average:       7    0.00    0.00    0.00    0.00    0.00    0.00    0.00    0.00  100.00
Average:       2    0.00    0.00    0.00    0.00    0.00    0.00    0.00    0.00  100.00
Average:       3  100.00    0.00    0.00    0.00    0.00    0.00    0.00    0.00    0.00
Average:       4  100.00    0.00    0.00    0.00    0.00    0.00    0.00    0.00    0.00
Average:       5    0.00    0.00    0.00    0.00    0.00    0.00    0.00    0.00  100.00
Average:       6    0.00    0.00    0.00    0.00    0.00    0.00    0.00    0.00  100.00
Average:       7    0.00    0.00    0.00    0.00    0.00    0.00    0.00    0.00  100.00
Average:       2    0.00    0.00    0.00    0.00    0.00    0.00    0.00    0.00  100.00
Average:       3  100.00    0.00    0.00    0.00    0.00    0.00    0.00    0.00    0.00
Average:       4  100.00    0.00    0.00    0.00    0.00    0.00    0.00    0.00    0.00
Average:       5    0.00    0.00    0.00    0.00    0.00    0.00    0.00    0.00  100.00
Average:       6    0.00    0.00    0.00    0.00    0.00    0.00    0.50    0.00   99.50
Average:       7    0.00    0.00    0.00    0.00    0.00    0.00    0.00    0.00  100.00
Average:       2    0.00    0.00    0.00    0.00    0.00    0.00    0.00    0.00  100.00
Average:       3  100.00    0.00    0.00    0.00    0.00    0.00    0.00    0.00    0.00
Average:       4  100.00    0.00    0.00    0.00    0.00    0.00    0.00    0.00    0.00
Average:       5    0.00    0.00    0.00    0.00    0.00    0.00    0.00    0.00  100.00
Average:       6    0.00    0.00    0.00    0.00    0.00    0.00    0.00    0.00  100.00
Average:       7    0.00    0.00    0.00    0.00    0.00    0.00    0.00    0.00  100.00
Average:       2    0.00    0.00    0.00    0.00    0.00    0.00    0.00    0.00  100.00
Average:       3  100.00    0.00    0.00    0.00    0.00    0.00    0.00    0.00    0.00
Average:       4  100.00    0.00    0.00    0.00    0.00    0.00    0.00    0.00    0.00
Average:       5    0.00    0.00    0.00    0.00    0.00    0.00    0.00    0.00  100.00
Average:       6    0.00    0.00    0.00    0.00    0.00    0.00    0.00    0.00  100.00
Average:       7    0.00    0.00    0.00    0.00    0.00    0.00    0.00    0.00  100.00
Average:       2    0.00    0.00    0.00    0.00    0.00    0.00    0.00    0.00  100.00
Average:       3   99.50    0.00    0.00    0.00    0.00    0.00    0.50    0.00    0.00
Average:       4  100.00    0.00    0.00    0.00    0.00    0.00    0.00    0.00    0.00
Average:       5    0.00    0.00    0.00    0.00    0.00    0.00    0.00    0.00  100.00
Average:       6    0.00    0.00    0.00    0.00    0.00    0.00    0.00    0.00  100.00
Average:       7    0.00    0.00    0.00    0.00    0.00    0.00    0.00    0.00  100.00
Average:       2    0.00    0.00    0.00    0.00    0.00    0.00    0.00    0.00  100.00
Average:       3  100.00    0.00    0.00    0.00    0.00    0.00    0.00    0.00    0.00
Average:       4  100.00    0.00    0.00    0.00    0.00    0.00    0.00    0.00    0.00
Average:       5    0.00    0.00    0.00    0.00    0.00    0.00    0.00    0.00  100.00
Average:       6    0.00    0.00    0.00    0.00    0.00    0.00    0.00    0.00  100.00
Average:       7    0.00    0.00    0.00    0.00    0.00    0.00    0.00    0.00  100.00
Average:       2    0.00    0.00    0.00    0.00    0.00    0.00    0.50    0.00   99.50
Average:       3  100.00    0.00    0.00    0.00    0.00    0.00    0.00    0.00    0.00
Average:       4  100.00    0.00    0.00    0.00    0.00    0.00    0.00    0.00    0.00
Average:       5    0.00    0.00    0.00    0.00    0.00    0.00    0.00    0.00  100.00
Average:       6    0.00    0.00    0.00    0.00    0.00    0.00    0.00    0.00  100.00
Average:       7    0.00    0.00    0.00    0.00    0.00    0.00    0.00    0.00  100.00
Average:       2    0.00    0.00    0.00    0.00    0.00    0.00    0.50    0.00   99.50
Average:       3  100.00    0.00    0.00    0.00    0.00    0.00    0.00    0.00    0.00
Average:       4   99.00    0.00    1.00    0.00    0.00    0.00    0.00    0.00    0.00
Average:       5    0.00    0.00    0.50    0.00    0.00    0.00    0.00    0.00   99.50
Average:       6    0.00    0.00    0.00    0.00    0.00    0.00    0.00    0.00  100.00
Average:       7    0.00    0.00    0.00    0.00    0.00    0.00    0.00    0.00  100.00
Average:       2    0.00    0.00    0.00    0.00    0.00    0.00    0.00    0.00  100.00
Average:       3    0.00    0.00    0.00    0.00    0.00    0.00    0.00    0.00  100.00
Average:       4    0.00    0.00    0.50    0.00    0.00    0.00    0.00    0.00   99.50
Average:       5    0.00    0.00    0.00    0.00    0.00    0.00    0.00    0.00  100.00
Average:       6    0.00    0.00    0.00    0.00    0.00    0.00    0.00    0.00  100.00
Average:       7    0.00    0.00    0.00    0.00    0.00    0.00    0.00    0.00  100.00
Average:       2    0.00    0.00    0.00    0.00    0.00    0.00    0.00    0.00  100.00
Average:       3    0.00    0.00    0.00    0.00    0.00    0.00    0.00    0.00  100.00
Average:       4    0.00    0.00    0.00    0.00    0.00    0.00    0.00    0.00  100.00
Average:       5    0.00    0.00    0.00    0.00    0.00    0.00    0.00    0.00  100.00
Average:       6    0.00    0.00    0.00    0.00    0.00    0.00    0.00    0.00  100.00
Average:       7    0.00    0.00    0.00    0.00    0.00    0.00    0.00    0.00  100.00
Average:       2    0.00    0.00    0.00    0.00    0.00    0.00    0.00    0.00  100.00
Average:       3    0.00    0.00    0.00    0.00    0.00    0.00    0.00    0.00  100.00
Average:       4    0.00    0.00    0.00    0.00    0.00    0.00    0.00    0.00  100.00
Average:       5    0.00    0.00    0.00    0.00    0.00    0.00    0.50    0.00   99.50
Average:       6    0.00    0.00    0.00    0.00    0.00    0.00    0.00    0.00  100.00
Average:       7    0.00    0.00    0.00    0.00    0.00    0.00    0.00    0.00  100.00
Average:       2    0.00    0.00    0.00    0.00    0.00    0.00    0.00    0.00  100.00
Average:       3    0.00    0.00    0.00    0.00    0.00    0.00    0.00    0.00  100.00
Average:       4    0.00    0.00    0.00    0.00    0.00    0.00    0.00    0.00  100.00
Average:       5    0.00    0.00    0.00    0.00    0.00    0.00    0.00    0.00  100.00
Average:       6    0.00    0.00    0.00    0.00    0.00    0.00    0.00    0.00  100.00
Average:       7    0.00    0.00    0.00    0.00    0.00    0.00    0.00    0.00  100.00
Average:       2    0.00    0.00    0.00    0.00    0.00    0.00    0.00    0.00  100.00
Average:       3    0.00    0.00    0.00    0.00    0.00    0.00    0.00    0.00  100.00
Average:       4    0.00    0.00    0.00    0.00    0.00    0.00    0.00    0.00  100.00
Average:       5    0.00    0.00    0.00    0.00    0.00    0.00    0.00    0.00  100.00
Average:       6    0.00    0.00    0.00    0.00    0.00    0.00    0.00    0.00  100.00
Average:       7    0.00    0.00    0.00    0.00    0.00    0.00    0.00    0.00  100.00
