Average:     CPU    %usr   %nice    %sys %iowait    %irq   %soft  %steal  %guest   %idle
Average:     all    6.00    0.00    2.75   16.38    0.00    0.00    0.12    0.00   74.75
Average:       0   12.06    0.00    5.03   61.81    0.00    0.00    0.00    0.00   21.11
Average:       1    1.00    0.00    1.00    2.50    0.00    0.00    0.00    0.00   95.50
Average:       2    3.98    0.00    1.99    1.00    0.00    0.00    0.00    0.00   93.03
Average:       3    6.53    0.00    3.02    1.01    0.00    0.00    0.00    0.00   89.45
Average:     CPU    %usr   %nice    %sys %iowait    %irq   %soft  %steal  %guest   %idle
Average:     all   49.94    0.00    0.12    0.12    0.00    0.00    0.00    0.00   49.81
Average:       0  100.00    0.00    0.00    0.00    0.00    0.00    0.00    0.00    0.00
Average:       1  100.00    0.00    0.00    0.00    0.00    0.00    0.00    0.00    0.00
Average:       2    0.00    0.00    0.00    0.00    0.00    0.00    0.00    0.00  100.00
Average:       3    0.00    0.00    0.50    0.00    0.00    0.00    0.00    0.00   99.50
Average:     CPU    %usr   %nice    %sys %iowait    %irq   %soft  %steal  %guest   %idle
Average:     all   49.94    0.00    0.13    0.00    0.00    0.00    0.00    0.00   49.94
Average:       0  100.00    0.00    0.00    0.00    0.00    0.00    0.00    0.00    0.00
Average:       1  100.00    0.00    0.00    0.00    0.00    0.00    0.00    0.00    0.00
Average:       2    0.00    0.00    0.50    0.00    0.00    0.00    0.00    0.00   99.50
Average:       3    0.00    0.00    0.00    0.00    0.00    0.00    0.50    0.00   99.50
Average:     CPU    %usr   %nice    %sys %iowait    %irq   %soft  %steal  %guest   %idle
Average:     all   50.00    0.00    0.12    0.12    0.00    0.00    0.00    0.00   49.75
Average:       0    0.00    0.00    0.00    0.00    0.00    0.00    0.00    0.00  100.00
Average:       1  100.00    0.00    0.00    0.00    0.00    0.00    0.00    0.00    0.00
Average:       2  100.00    0.00    0.00    0.00    0.00    0.00    0.00    0.00    0.00
Average:       3    0.00    0.00    0.50    0.00    0.00    0.00    0.00    0.00   99.50
Average:     CPU    %usr   %nice    %sys %iowait    %irq   %soft  %steal  %guest   %idle
Average:     all   33.92    0.00    4.38    0.38    0.00    0.00    0.00    0.00   61.33
Average:       0   79.40    0.00   14.57    0.00    0.00    0.00    0.00    0.00    6.03
Average:       1   56.72    0.00    1.99    0.50    0.00    0.00    0.00    0.00   40.80
Average:       2    0.00    0.00    0.50    1.00    0.00    0.00    0.00    0.00   98.50
Average:       3    0.00    0.00    0.00    0.00    0.00    0.00    0.00    0.00  100.00
Average:     CPU    %usr   %nice    %sys %iowait    %irq   %soft  %steal  %guest   %idle
Average:     all   38.55    0.00    5.26    1.13    0.00    0.00    0.00    0.00   55.07
Average:       0   83.00    0.00    9.50    2.00    0.00    0.00    0.00    0.00    5.50
Average:       1   69.65    0.00    6.47    1.49    0.00    0.00    0.00    0.00   22.39
Average:       2    1.00    0.00    2.99    0.00    0.00    0.00    0.00    0.00   96.02
Average:       3    0.00    0.00    1.52    1.02    0.00    0.00    0.00    0.00   97.46
Average:     CPU    %usr   %nice    %sys %iowait    %irq   %soft  %steal  %guest   %idle
Average:     all   90.61    0.00    7.76    0.00    0.00    0.00    0.00    0.00    1.63
Average:       0   86.07    0.00   12.44    0.00    0.00    0.00    0.00    0.00    1.49
Average:       1   95.48    0.00    3.52    0.00    0.00    0.00    0.00    0.00    1.01
Average:       2   93.00    0.00    6.50    0.00    0.00    0.00    0.00    0.00    0.50
Average:       3   87.50    0.00    8.50    0.00    0.00    0.00    0.00    0.00    4.00
Average:     CPU    %usr   %nice    %sys %iowait    %irq   %soft  %steal  %guest   %idle
Average:     all   80.48    0.00    9.51    0.00    0.00    0.00    0.00    0.00   10.01
Average:       0   76.88    0.00    2.51    0.00    0.00    0.00    0.00    0.00   20.60
Average:       1   90.55    0.00    8.96    0.00    0.00    0.00    0.00    0.00    0.50
Average:       2   72.00    0.00   23.50    0.00    0.00    0.00    0.00    0.00    4.50
Average:       3   82.41    0.00    3.02    0.00    0.00    0.00    0.00    0.00   14.57
Average:     CPU    %usr   %nice    %sys %iowait    %irq   %soft  %steal  %guest   %idle
Average:     all   78.09    0.00    8.82    0.00    0.00    0.00    0.13    0.00   12.97
Average:       0   75.63    0.00    6.60    0.00    0.00    0.00    0.00    0.00   17.77
Average:       1   73.87    0.00   12.06    0.00    0.00    0.00    0.00    0.00   14.07
Average:       2   77.16    0.00    9.14    0.00    0.00    0.00    0.00    0.00   13.71
Average:       3   86.80    0.00    6.60    0.00    0.00    0.00    0.00    0.00    6.60
Average:     CPU    %usr   %nice    %sys %iowait    %irq   %soft  %steal  %guest   %idle
Average:     all   32.04    0.00    4.38    0.00    0.00    0.00    0.13    0.00   63.45
Average:       0   22.11    0.00    1.51    0.00    0.00    0.00    0.00    0.00   76.38
Average:       1   84.58    0.00   14.93    0.00    0.00    0.00    0.00    0.00    0.50
Average:       2   20.00    0.00    1.00    0.00    0.00    0.00    0.00    0.00   79.00
Average:       3    1.01    0.00    0.00    0.00    0.00    0.00    0.00    0.00   98.99
