Average:       2    0.51    0.00    2.02    0.51    0.00    0.00    0.00    0.00   96.97
Average:       3    5.03    0.00    3.02    0.00    0.00    0.00    0.00    0.00   91.96
Average:       4    5.50    0.00    5.50    0.50    0.00    0.00    0.00    0.00   88.50
Average:       5    1.50    0.00    3.00    0.50    0.00    0.00    0.00    0.00   95.00
Average:       6    1.52    0.00    1.52    0.00    0.00    0.00    0.00    0.00   96.95
Average:       7    1.00    0.00    2.00    1.00    0.00    0.00    0.00    0.00   96.00
Average:       2    3.02    0.00   37.69    0.00    0.00    0.00    0.00    0.00   59.30
Average:       3   57.00    0.00   38.00    0.00    0.00    0.00    0.00    0.00    5.00
Average:       4   16.06    0.00   45.08    0.00    0.00    0.00    0.52    0.00   38.34
Average:       5    0.00    0.00    0.50    0.00    0.00    0.00    0.00    0.00   99.50
Average:       6    0.00    0.00    0.00    0.00    0.00    0.00    0.00    0.00  100.00
Average:       7    0.00    0.00    0.00    0.00    0.00    0.00    0.00    0.00  100.00
Average:       2    0.00    0.00    0.00    0.00    0.00    0.00    0.00    0.00  100.00
Average:       3   64.50    0.00    0.50    0.00    0.00    0.00    0.00    0.00   35.00
Average:       4   34.50    0.00    0.00    0.00    0.00    0.00    0.00    0.00   65.50
Average:       5   51.30    0.00    5.18    0.00    0.00    0.00    0.52    0.00   43.01
Average:       6    0.00    0.00    0.00    0.00    0.00    0.00    0.00    0.00  100.00
Average:       7    0.00    0.00    0.00    0.00    0.00    0.00    0.00    0.00  100.00
Average:       2    0.00    0.00    0.00    0.00    0.00    0.00    0.00    0.00  100.00
Average:       3    0.00    0.00    0.00    0.00    0.00    0.00    0.00    0.00  100.00
Average:       4   99.00    0.00    1.00    0.00    0.00    0.00    0.00    0.00    0.00
Average:       5   98.99    0.00    1.01    0.00    0.00    0.00    0.00    0.00    0.00
Average:       6    0.00    0.00    0.00    0.00    0.00    0.00    0.00    0.00  100.00
Average:       7    0.00    0.00    0.00    0.00    0.00    0.00    0.00    0.00  100.00
Average:       2    0.50    0.00    0.00    0.00    0.00    0.00    0.00    0.00   99.50
Average:       3    0.00    0.00    0.00    0.00    0.00    0.00    0.00    0.00  100.00
Average:       4   88.50    0.00    0.50    0.00    0.00    0.00    0.00    0.00   11.00
Average:       5   98.00    0.00    1.00    0.00    0.00    0.00    0.00    0.00    1.00
Average:       6    0.00    0.00    0.00    0.00    0.00    0.00    0.00    0.00  100.00
Average:       7    0.00    0.00    0.00    0.00    0.00    0.00    0.00    0.00  100.00
Average:       2    0.00    0.00    0.00    0.00    0.00    0.00    0.00    0.00  100.00
Average:       3    0.00    0.00    0.00    0.00    0.00    0.00    0.00    0.00  100.00
Average:       4    0.00    0.00    0.00    0.00    0.00    0.00    0.00    0.00  100.00
Average:       5   99.00    0.00    1.00    0.00    0.00    0.00    0.00    0.00    0.00
Average:       6    0.00    0.00    0.00    0.00    0.00    0.00    0.00    0.00  100.00
Average:       7    0.00    0.00    0.00    0.00    0.00    0.00    0.00    0.00  100.00
Average:       2    0.00    0.00    0.00    0.00    0.00    0.00    0.00    0.00  100.00
Average:       3    0.00    0.00    0.00    0.00    0.00    0.00    0.00    0.00  100.00
Average:       4    0.00    0.00    0.00    0.00    0.00    0.00    0.00    0.00  100.00
Average:       5   64.32    0.00    0.50    0.00    0.00    0.00    0.00    0.00   35.18
Average:       6    0.00    0.00    0.00    0.00    0.00    0.00    0.00    0.00  100.00
Average:       7    0.00    0.00    0.00    0.00    0.00    0.00    0.00    0.00  100.00
Average:       2    0.00    0.00    4.52   20.60    0.00    0.00    0.50    0.00   74.37
Average:       3    0.00    0.00    0.00    0.00    0.00    0.00    0.00    0.00  100.00
Average:       4    0.00    0.00    0.00    0.00    0.00    0.00    0.00    0.00  100.00
Average:       5    0.00    0.00    0.00    0.00    0.00    0.00    0.00    0.00  100.00
Average:       6    0.00    0.00    0.00    0.00    0.00    0.00    0.00    0.00  100.00
Average:       7    0.00    0.00    0.00    0.00    0.00    0.00    0.00    0.00  100.00
Average:       2    0.00    0.00    0.00    0.00    0.00    0.00    0.00    0.00  100.00
Average:       3    0.00    0.00    0.00    0.00    0.00    0.00    0.00    0.00  100.00
Average:       4    0.00    0.00    0.00    0.00    0.00    0.00    0.00    0.00  100.00
Average:       5    0.00    0.00    0.00    0.00    0.00    0.00    0.00    0.00  100.00
Average:       6    0.00    0.00    0.00    0.00    0.00    0.00    0.00    0.00  100.00
Average:       7    0.00    0.00    0.00    0.00    0.00    0.00    0.00    0.00  100.00
Average:       2    0.00    0.00    0.50    0.00    0.00    0.00    0.00    0.00   99.50
Average:       3   90.00    0.00    1.00    0.00    0.00    0.00    0.00    0.00    9.00
Average:       4   96.50    0.00    3.50    0.00    0.00    0.00    0.00    0.00    0.00
Average:       5    0.00    0.00    0.00    0.00    0.00    0.00    0.00    0.00  100.00
Average:       6    0.00    0.00    0.00    0.00    0.00    0.00    0.00    0.00  100.00
Average:       7    0.00    0.00    0.00    0.00    0.00    0.00    0.00    0.00  100.00
Average:       2    0.00    0.00    0.00    0.00    0.00    0.00    0.50    0.00   99.50
Average:       3   98.99    0.00    1.01    0.00    0.00    0.00    0.00    0.00    0.00
Average:       4   99.00    0.00    1.00    0.00    0.00    0.00    0.00    0.00    0.00
Average:       5    0.00    0.00    0.00    0.00    0.00    0.00    0.00    0.00  100.00
Average:       6    0.00    0.00    0.00    0.00    0.00    0.00    0.00    0.00  100.00
Average:       7    0.00    0.00    0.00    0.00    0.00    0.00    0.00    0.00  100.00
Average:       2    0.00    0.00    0.00    0.00    0.00    0.00    0.00    0.00  100.00
Average:       3   66.33    0.00    1.51    0.00    0.00    0.00    0.00    0.00   32.16
Average:       4   97.01    0.00    2.99    0.00    0.00    0.00    0.00    0.00    0.00
Average:       5    0.00    0.00    0.00    0.00    0.00    0.00    0.00    0.00  100.00
Average:       6    0.50    0.00    0.00    0.00    0.00    0.00    0.00    0.00   99.50
Average:       7    0.50    0.00    0.00    0.00    0.00    0.00    0.00    0.00   99.50
Average:       2    0.00    0.00    0.00    0.00    0.00    0.00    0.00    0.00  100.00
Average:       3   98.01    0.00    1.99    0.00    0.00    0.00    0.00    0.00    0.00
Average:       4   98.00    0.00    2.00    0.00    0.00    0.00    0.00    0.00    0.00
Average:       5    0.00    0.00    0.00    0.00    0.00    0.00    0.00    0.00  100.00
Average:       6    0.00    0.00    0.00    0.00    0.00    0.00    0.00    0.00  100.00
Average:       7    0.00    0.00    0.00    0.00    0.00    0.00    0.00    0.00  100.00
Average:       2    0.00    0.00    0.00    0.00    0.00    0.00    0.00    0.00  100.00
Average:       3   88.00    0.00   12.00    0.00    0.00    0.00    0.00    0.00    0.00
Average:       4   34.85    0.00    1.52    0.00    0.00    0.00    0.00    0.00   63.64
Average:       5    0.00    0.00    0.00    0.00    0.00    0.00    0.00    0.00  100.00
Average:       6    0.00    0.00    0.00    0.00    0.00    0.00    0.00    0.00  100.00
Average:       7    0.00    0.00    0.00    0.00    0.00    0.00    0.00    0.00  100.00
Average:       2    0.00    0.00    0.00    0.00    0.00    0.00    0.00    0.00  100.00
Average:       3   98.00    0.00    2.00    0.00    0.00    0.00    0.00    0.00    0.00
Average:       4   97.99    0.00    2.01    0.00    0.00    0.00    0.00    0.00    0.00
Average:       5    0.00    0.00    0.00    0.00    0.00    0.00    0.00    0.00  100.00
Average:       6    0.00    0.00    0.00    0.00    0.00    0.00    0.00    0.00  100.00
Average:       7    0.00    0.00    0.00    0.00    0.00    0.00    0.00    0.00  100.00
Average:       2    0.00    0.00    0.50    0.00    0.00    0.00    0.00    0.00   99.50
Average:       3    0.50    0.00    1.00    0.00    0.00    0.00    0.00    0.00   98.51
Average:       4   98.51    0.00    1.49    0.00    0.00    0.00    0.00    0.00    0.00
Average:       5   98.51    0.00    1.49    0.00    0.00    0.00    0.00    0.00    0.00
Average:       6    0.00    0.00    0.50    0.00    0.00    0.00    0.00    0.00   99.50
Average:       7    0.00    0.00    0.00    0.00    0.00    0.00    0.00    0.00  100.00
Average:       2    0.00    0.00    0.00    0.00    0.00    0.00    0.00    0.00  100.00
Average:       3    0.00    0.00    0.00    0.00    0.00    0.00    0.00    0.00  100.00
Average:       4   98.00    0.00    2.00    0.00    0.00    0.00    0.00    0.00    0.00
Average:       5   98.50    0.00    1.50    0.00    0.00    0.00    0.00    0.00    0.00
Average:       6    0.00    0.00    0.00    0.00    0.00    0.00    0.00    0.00  100.00
Average:       7    0.00    0.00    0.00    0.00    0.00    0.00    0.00    0.00  100.00
Average:       2    0.00    0.00    0.00    0.00    0.00    0.00    0.00    0.00  100.00
Average:       3    0.00    0.00    0.00    0.00    0.00    0.00    0.00    0.00  100.00
Average:       4   97.50    0.00    2.50    0.00    0.00    0.00    0.00    0.00    0.00
Average:       5   99.00    0.00    1.00    0.00    0.00    0.00    0.00    0.00    0.00
Average:       6    0.00    0.00    0.00    0.00    0.00    0.00    0.00    0.00  100.00
Average:       7    0.00    0.00    0.50    0.00    0.00    0.00    0.00    0.00   99.50
Average:       2    0.00    0.00    0.00    0.00    0.00    0.00    0.00    0.00  100.00
Average:       3    0.00    0.00    0.00    0.00    0.00    0.00    0.00    0.00  100.00
Average:       4    0.00    0.00    0.00    0.00    0.00    0.00    0.00    0.00  100.00
Average:       5  100.00    0.00    0.00    0.00    0.00    0.00    0.00    0.00    0.00
Average:       6    0.00    0.00    0.00    0.00    0.00    0.00    0.00    0.00  100.00
Average:       7    0.00    0.00    0.00    0.00    0.00    0.00    0.00    0.00  100.00
Average:       2    0.00    0.00    0.00    0.00    0.00    0.00    0.00    0.00  100.00
Average:       3    0.00    0.00    0.00    0.00    0.00    0.00    0.00    0.00  100.00
Average:       4   97.00    0.00    3.00    0.00    0.00    0.00    0.00    0.00    0.00
Average:       5   97.99    0.00    2.01    0.00    0.00    0.00    0.00    0.00    0.00
Average:       6    0.00    0.00    0.00    0.00    0.00    0.00    0.00    0.00  100.00
Average:       7    0.00    0.00    0.00    0.00    0.00    0.00    0.00    0.00  100.00
Average:       2    0.00    0.00    0.00    0.00    0.00    0.00    0.00    0.00  100.00
Average:       3    0.00    0.00    0.00    0.00    0.00    0.00    0.00    0.00  100.00
Average:       4    0.00    0.00    0.00    0.00    0.00    0.00    0.00    0.00  100.00
Average:       5    0.00    0.00    0.00    0.00    0.00    0.00    0.00    0.00  100.00
Average:       6    0.00    0.00    0.00    0.00    0.00    0.00    0.00    0.00  100.00
Average:       7    0.00    0.00    0.00    0.00    0.00    0.00    0.00    0.00  100.00
Average:       2    0.00    0.00    0.00    0.00    0.00    0.00    0.00    0.00  100.00
Average:       3    0.00    0.00    0.00    0.00    0.00    0.00    0.00    0.00  100.00
Average:       4    0.00    0.00    0.00    0.00    0.00    0.00    0.00    0.00  100.00
Average:       5    0.00    0.00    0.50    0.00    0.00    0.00    0.00    0.00   99.50
Average:       6    0.00    0.00    0.50    0.00    0.00    0.00    0.00    0.00   99.50
Average:       7    0.00    0.00    0.00    0.00    0.00    0.00    0.00    0.00  100.00
Average:       2    0.00    0.00    0.00    0.00    0.00    0.00    0.00    0.00  100.00
Average:       3    0.00    0.00    0.00    0.00    0.00    0.00    0.00    0.00  100.00
Average:       4    0.00    0.00    0.00    0.00    0.00    0.00    0.00    0.00  100.00
Average:       5    0.00    0.00    0.00    0.00    0.00    0.00    0.00    0.00  100.00
Average:       6    0.00    0.00    0.00    0.00    0.00    0.00    0.00    0.00  100.00
Average:       7    0.00    0.00    0.00    0.00    0.00    0.00    0.00    0.00  100.00
Average:       2    0.00    0.00    0.00    0.00    0.00    0.00    0.00    0.00  100.00
Average:       3    0.00    0.00    0.00    0.00    0.00    0.00    0.00    0.00  100.00
Average:       4    0.00    0.00    0.00    0.00    0.00    0.00    0.00    0.00  100.00
Average:       5    0.00    0.00    0.00    0.00    0.00    0.00    0.00    0.00  100.00
Average:       6    0.00    0.00    0.00    0.00    0.00    0.00    0.00    0.00  100.00
Average:       7    0.00    0.00    0.00    0.00    0.00    0.00    0.00    0.00  100.00
Average:       2    0.00    0.00    0.00    0.00    0.00    0.00    0.00    0.00  100.00
Average:       3    0.00    0.00    0.00    0.00    0.00    0.00    0.00    0.00  100.00
Average:       4    0.00    0.00    0.00    0.00    0.00    0.00    0.00    0.00  100.00
Average:       5    0.00    0.00    0.00    0.00    0.00    0.00    0.00    0.00  100.00
Average:       6    0.00    0.00    0.00    0.00    0.00    0.00    0.00    0.00  100.00
Average:       7    0.00    0.00    0.00    0.00    0.00    0.00    0.00    0.00  100.00
Average:       2    0.00    0.00    0.00    0.00    0.00    0.00    0.00    0.00  100.00
Average:       3    0.00    0.00    0.00    0.00    0.00    0.00    0.00    0.00  100.00
Average:       4    0.00    0.00    0.00    0.00    0.00    0.00    0.00    0.00  100.00
Average:       5    0.00    0.00    0.00    0.00    0.00    0.00    0.00    0.00  100.00
Average:       6    0.00    0.00    0.00    0.00    0.00    0.00    0.00    0.00  100.00
Average:       7    0.00    0.00    0.00    0.00    0.00    0.00    0.00    0.00  100.00
Average:       2    0.00    0.00    0.00    0.00    0.00    0.00    0.00    0.00  100.00
Average:       3    0.00    0.00    0.00    0.00    0.00    0.00    0.00    0.00  100.00
Average:       4    0.00    0.00    0.00    0.00    0.00    0.00    0.00    0.00  100.00
Average:       5    0.00    0.00    0.00    0.00    0.00    0.00    0.00    0.00  100.00
Average:       6    0.00    0.00    0.00    0.00    0.00    0.00    0.00    0.00  100.00
Average:       7    0.00    0.00    0.00    0.00    0.00    0.00    0.00    0.00  100.00
Average:       2    0.00    0.00    0.00    0.00    0.00    0.00    0.00    0.00  100.00
Average:       3    0.00    0.00    0.00    0.00    0.00    0.00    0.00    0.00  100.00
Average:       4    0.00    0.00    0.00    0.00    0.00    0.00    0.00    0.00  100.00
Average:       5    0.00    0.00    0.00    0.00    0.00    0.00    0.00    0.00  100.00
Average:       6    0.00    0.00    0.00    0.00    0.00    0.00    0.00    0.00  100.00
Average:       7    0.00    0.00    0.00    0.00    0.00    0.00    0.00    0.00  100.00
Average:       2    0.00    0.00    0.00    0.00    0.00    0.00    0.00    0.00  100.00
Average:       3    0.00    0.00    0.00    0.00    0.00    0.00    0.00    0.00  100.00
Average:       4    0.00    0.00    0.00    0.00    0.00    0.00    0.00    0.00  100.00
Average:       5    0.00    0.00    0.00    0.00    0.00    0.00    0.00    0.00  100.00
Average:       6    0.00    0.00    0.00    0.00    0.00    0.00    0.00    0.00  100.00
Average:       7    0.00    0.00    0.00    0.00    0.00    0.00    0.00    0.00  100.00
Average:       2    0.00    0.00    0.00    0.00    0.00    0.00    0.00    0.00  100.00
Average:       3    0.00    0.00    0.00    0.00    0.00    0.00    0.00    0.00  100.00
Average:       4    0.00    0.00    0.00    0.00    0.00    0.00    0.00    0.00  100.00
Average:       5    0.00    0.00    0.00    0.00    0.00    0.00    0.00    0.00  100.00
Average:       6    0.00    0.00    0.00    0.00    0.00    0.00    0.00    0.00  100.00
Average:       7    0.00    0.00    0.00    0.00    0.00    0.00    0.00    0.00  100.00
Average:       2    0.00    0.00    0.00    0.00    0.00    0.00    0.00    0.00  100.00
Average:       3    0.00    0.00    0.00    0.00    0.00    0.00    0.00    0.00  100.00
Average:       4    0.00    0.00    0.00    0.00    0.00    0.00    0.00    0.00  100.00
Average:       5    0.00    0.00    0.00    0.00    0.00    0.00    0.00    0.00  100.00
Average:       6    0.00    0.00    0.00    0.00    0.00    0.00    0.00    0.00  100.00
Average:       7    0.00    0.00    0.00    0.00    0.00    0.00    0.00    0.00  100.00
Average:       2    0.00    0.00    0.00    0.00    0.00    0.00    0.00    0.00  100.00
Average:       3    0.00    0.00    0.00    0.00    0.00    0.00    0.00    0.00  100.00
Average:       4    0.00    0.00    0.00    0.00    0.00    0.00    0.00    0.00  100.00
Average:       5    0.00    0.00    0.00    0.00    0.00    0.00    0.00    0.00  100.00
Average:       6    0.00    0.00    0.00    0.00    0.00    0.00    0.00    0.00  100.00
Average:       7    0.00    0.00    0.00    0.00    0.00    0.00    0.00    0.00  100.00
Average:       2    0.00    0.00    0.50    0.00    0.00    0.00    0.00    0.00   99.50
Average:       3    0.00    0.00    0.00    0.00    0.00    0.00    0.00    0.00  100.00
Average:       4    0.00    0.00    0.00    0.00    0.00    0.00    0.00    0.00  100.00
Average:       5    0.00    0.00    0.00    0.00    0.00    0.00    0.00    0.00  100.00
Average:       6    0.00    0.00    0.50    0.00    0.00    0.00    0.00    0.00   99.50
Average:       7    0.00    0.00    0.00    0.00    0.00    0.00    0.00    0.00  100.00
Average:       2    0.00    0.00    0.00    0.00    0.00    0.00    0.00    0.00  100.00
Average:       3    0.00    0.00    0.00    0.00    0.00    0.00    0.00    0.00  100.00
Average:       4    0.00    0.00    0.00    0.00    0.00    0.00    0.00    0.00  100.00
Average:       5    0.00    0.00    0.00    0.00    0.00    0.00    0.00    0.00  100.00
Average:       6    0.00    0.00    0.00    0.00    0.00    0.00    0.00    0.00  100.00
Average:       7    0.00    0.00    0.00    0.00    0.00    0.00    0.00    0.00  100.00
Average:       2    0.00    0.00    0.00    0.00    0.00    0.00    0.00    0.00  100.00
Average:       3    0.00    0.00    0.00    0.00    0.00    0.00    0.00    0.00  100.00
Average:       4    0.00    0.00    0.00    0.00    0.00    0.00    0.00    0.00  100.00
Average:       5    0.00    0.00    0.00    0.00    0.00    0.00    0.00    0.00  100.00
Average:       6    0.00    0.00    0.00    0.00    0.00    0.00    0.00    0.00  100.00
Average:       7    0.00    0.00    0.00    0.00    0.00    0.00    0.00    0.00  100.00
Average:       2    0.00    0.00    0.00    0.00    0.00    0.00    0.00    0.00  100.00
Average:       3    0.00    0.00    0.00    0.00    0.00    0.00    0.00    0.00  100.00
Average:       4    0.00    0.00    0.00    0.00    0.00    0.00    0.00    0.00  100.00
Average:       5    0.00    0.00    0.00    0.00    0.00    0.00    0.00    0.00  100.00
Average:       6    0.00    0.00    0.00    0.00    0.00    0.00    0.00    0.00  100.00
Average:       7    0.00    0.00    0.00    0.00    0.00    0.00    0.00    0.00  100.00
Average:       2    0.00    0.00    0.00    0.00    0.00    0.00    0.00    0.00  100.00
Average:       3    0.00    0.00    0.00    0.00    0.00    0.00    0.00    0.00  100.00
Average:       4    0.00    0.00    0.00    0.00    0.00    0.00    0.00    0.00  100.00
Average:       5    0.00    0.00    0.00    0.00    0.00    0.00    0.00    0.00  100.00
Average:       6    0.00    0.00    0.00    0.00    0.00    0.00    0.00    0.00  100.00
Average:       7    0.00    0.00    0.00    0.00    0.00    0.00    0.00    0.00  100.00
Average:       2    0.00    0.00    0.00    0.00    0.00    0.00    0.00    0.00  100.00
Average:       3    0.00    0.00    0.00    0.00    0.00    0.00    0.00    0.00  100.00
Average:       4    0.00    0.00    0.00    0.00    0.00    0.00    0.00    0.00  100.00
Average:       5    0.00    0.00    0.00    0.00    0.00    0.00    0.00    0.00  100.00
Average:       6    0.00    0.00    0.00    0.00    0.00    0.00    0.00    0.00  100.00
Average:       7    0.00    0.00    0.00    0.00    0.00    0.00    0.00    0.00  100.00
Average:       2    0.00    0.00    0.00    0.00    0.00    0.00    0.00    0.00  100.00
Average:       3    0.00    0.00    0.00    0.00    0.00    0.00    0.00    0.00  100.00
Average:       4    0.00    0.00    0.00    0.00    0.00    0.00    0.00    0.00  100.00
Average:       5    0.00    0.00    0.00    0.00    0.00    0.00    0.00    0.00  100.00
Average:       6    0.00    0.00    0.50    0.00    0.00    0.00    0.00    0.00   99.50
Average:       7    0.00    0.00    0.00    0.00    0.00    0.00    0.00    0.00  100.00
Average:       2    0.00    0.00    0.00    0.00    0.00    0.00    0.00    0.00  100.00
Average:       3    0.00    0.00    0.00    0.00    0.00    0.00    0.00    0.00  100.00
Average:       4    0.00    0.00    0.00    0.00    0.00    0.00    0.00    0.00  100.00
Average:       5    0.00    0.00    0.00    0.00    0.00    0.00    0.00    0.00  100.00
Average:       6    0.00    0.00    0.00    0.00    0.00    0.00    0.00    0.00  100.00
Average:       7    0.00    0.00    0.00    0.00    0.00    0.00    0.00    0.00  100.00
Average:       2    0.00    0.00    0.00    0.00    0.00    0.00    0.00    0.00  100.00
Average:       3    0.00    0.00    0.00    0.00    0.00    0.00    0.00    0.00  100.00
Average:       4    0.00    0.00    0.00    0.00    0.00    0.00    0.00    0.00  100.00
Average:       5    0.00    0.00    0.00    0.00    0.00    0.00    0.00    0.00  100.00
Average:       6    0.00    0.00    0.00    0.00    0.00    0.00    0.00    0.00  100.00
Average:       7    0.00    0.00    0.00    0.00    0.00    0.00    0.00    0.00  100.00
Average:       2    0.00    0.00    0.00    0.00    0.00    0.00    0.00    0.00  100.00
Average:       3    0.00    0.00    0.00    0.00    0.00    0.00    0.00    0.00  100.00
Average:       4    0.00    0.00    0.00    0.00    0.00    0.00    0.00    0.00  100.00
Average:       5    0.00    0.00    0.00    0.00    0.00    0.00    0.00    0.00  100.00
Average:       6    0.00    0.00    0.00    0.00    0.00    0.00    0.00    0.00  100.00
Average:       7    0.00    0.00    0.00    0.00    0.00    0.00    0.00    0.00  100.00
Average:       2    0.00    0.00    0.00    0.00    0.00    0.00    0.00    0.00  100.00
Average:       3    0.00    0.00    0.00    0.00    0.00    0.00    0.00    0.00  100.00
Average:       4    0.00    0.00    0.00    0.00    0.00    0.00    0.00    0.00  100.00
Average:       5    0.00    0.00    0.00    0.00    0.00    0.00    0.00    0.00  100.00
Average:       6    0.00    0.00    0.00    0.00    0.00    0.00    0.00    0.00  100.00
Average:       7    0.00    0.00    0.00    0.00    0.00    0.00    0.00    0.00  100.00
Average:       2    0.00    0.00    0.50    0.00    0.00    0.00    0.00    0.00   99.50
Average:       3    0.00    0.00    0.00    0.00    0.00    0.00    0.00    0.00  100.00
Average:       4    0.00    0.00    0.00    0.00    0.00    0.00    0.00    0.00  100.00
Average:       5    0.00    0.00    0.00    0.00    0.00    0.00    0.00    0.00  100.00
Average:       6    0.00    0.00    0.00    0.00    0.00    0.00    0.00    0.00  100.00
Average:       7    0.00    0.00    0.50    0.00    0.00    0.00    0.00    0.00   99.50
Average:       2    0.00    0.00    0.50    0.50    0.00    0.00    0.00    0.00   99.00
Average:       3    0.00    0.00    0.00    0.00    0.00    0.00    0.00    0.00  100.00
Average:       4    0.50    0.00    1.00    0.00    0.00    0.00    0.00    0.00   98.51
Average:       5    0.00    0.00    0.00    0.00    0.00    0.00    0.00    0.00  100.00
Average:       6    0.00    0.00    0.00    0.00    0.00    0.00    0.00    0.00  100.00
Average:       7    0.00    0.00    0.00    0.00    0.00    0.00    0.00    0.00  100.00
Average:       2    0.00    0.00    0.00    0.00    0.00    0.00    0.00    0.00  100.00
Average:       3    0.00    0.00    0.00    0.00    0.00    0.00    0.00    0.00  100.00
Average:       4    0.00    0.00    0.00    0.00    0.00    0.00    0.00    0.00  100.00
Average:       5    0.00    0.00    0.00    0.00    0.00    0.00    0.00    0.00  100.00
Average:       6    0.00    0.00    0.00    0.00    0.00    0.00    0.00    0.00  100.00
Average:       7    0.00    0.00    0.00    0.00    0.00    0.00    0.00    0.00  100.00
Average:       2    0.00    0.00    0.00    0.00    0.00    0.00    0.00    0.00  100.00
Average:       3    0.00    0.00    0.00    0.00    0.00    0.00    0.00    0.00  100.00
Average:       4    0.00    0.00    0.00    0.00    0.00    0.00    0.00    0.00  100.00
Average:       5    0.00    0.00    0.00    0.00    0.00    0.00    0.00    0.00  100.00
Average:       6    0.00    0.00    0.00    0.00    0.00    0.00    0.00    0.00  100.00
Average:       7    0.00    0.00    0.00    0.00    0.00    0.00    0.00    0.00  100.00
Average:       2    0.00    0.00    0.00    0.00    0.00    0.00    0.00    0.00  100.00
Average:       3    0.00    0.00    0.00    0.00    0.00    0.00    0.00    0.00  100.00
Average:       4    0.00    0.00    0.00    0.00    0.00    0.00    0.00    0.00  100.00
Average:       5    0.00    0.00    0.00    0.00    0.00    0.00    0.00    0.00  100.00
Average:       6    0.00    0.00    0.00    0.00    0.00    0.00    0.00    0.00  100.00
Average:       7    0.00    0.00    0.00    0.00    0.00    0.00    0.00    0.00  100.00
Average:       2    0.00    0.00    0.00    0.00    0.00    0.00    0.00    0.00  100.00
Average:       3    0.00    0.00    0.00    0.00    0.00    0.00    0.00    0.00  100.00
Average:       4    0.00    0.00    0.00    0.00    0.00    0.00    0.00    0.00  100.00
Average:       5    0.00    0.00    0.00    0.00    0.00    0.00    0.00    0.00  100.00
Average:       6    0.00    0.00    0.00    0.00    0.00    0.00    0.00    0.00  100.00
Average:       7    0.00    0.00    0.00    0.00    0.00    0.00    0.00    0.00  100.00
Average:       2    0.00    0.00    0.00    0.00    0.00    0.00    0.00    0.00  100.00
Average:       3    0.00    0.00    0.00    0.00    0.00    0.00    0.00    0.00  100.00
Average:       4    0.00    0.00    0.00    0.00    0.00    0.00    0.00    0.00  100.00
Average:       5    0.00    0.00    0.00    0.00    0.00    0.00    0.00    0.00  100.00
Average:       6    0.00    0.00    0.00    0.00    0.00    0.00    0.00    0.00  100.00
Average:       7    0.50    0.00    0.00    0.00    0.00    0.00    0.00    0.00   99.50
Average:       2    0.00    0.00    0.00    0.00    0.00    0.00    0.00    0.00  100.00
Average:       3    0.00    0.00    0.00    0.00    0.00    0.00    0.00    0.00  100.00
Average:       4    0.00    0.00    0.00    0.00    0.00    0.00    0.00    0.00  100.00
Average:       5    0.00    0.00    0.00    0.00    0.00    0.00    0.00    0.00  100.00
Average:       6    0.00    0.00    0.00    0.00    0.00    0.00    0.00    0.00  100.00
Average:       7    0.00    0.00    0.00    0.00    0.00    0.00    0.00    0.00  100.00
Average:       2    0.00    0.00    0.00    0.00    0.00    0.00    0.00    0.00  100.00
Average:       3    0.00    0.00    0.00    0.00    0.00    0.00    0.00    0.00  100.00
Average:       4    0.00    0.00    0.00    0.00    0.00    0.00    0.00    0.00  100.00
Average:       5    0.00    0.00    0.00    0.00    0.00    0.00    0.00    0.00  100.00
Average:       6    0.00    0.00    0.00    0.00    0.00    0.00    0.00    0.00  100.00
Average:       7    0.00    0.00    0.00    0.00    0.00    0.00    0.00    0.00  100.00
Average:       2    0.00    0.00    0.00    0.00    0.00    0.00    0.00    0.00  100.00
Average:       3    0.00    0.00    0.00    0.00    0.00    0.00    0.00    0.00  100.00
Average:       4    0.00    0.00    0.00    0.00    0.00    0.00    0.00    0.00  100.00
Average:       5    0.00    0.00    1.01    0.50    0.00    0.00    0.00    0.00   98.49
Average:       6    0.00    0.00    0.00    0.00    0.00    0.00    0.00    0.00  100.00
Average:       7    0.00    0.00    0.00    0.00    0.00    0.00    0.00    0.00  100.00
Average:       2    0.00    0.00    0.00    0.00    0.00    0.00    0.00    0.00  100.00
Average:       3    0.00    0.00    0.00    0.00    0.00    0.00    0.00    0.00  100.00
Average:       4    0.00    0.00    0.00    0.00    0.00    0.00    0.00    0.00  100.00
Average:       5    0.00    0.00    0.00    0.00    0.00    0.00    0.00    0.00  100.00
Average:       6    0.00    0.00    0.00    0.00    0.00    0.00    0.00    0.00  100.00
Average:       7    0.00    0.00    0.00    0.00    0.00    0.00    0.00    0.00  100.00
Average:       2    0.00    0.00    0.00    0.00    0.00    0.00    0.00    0.00  100.00
Average:       3    0.00    0.00    0.00    0.00    0.00    0.00    0.00    0.00  100.00
Average:       4    0.00    0.00    0.00    0.00    0.00    0.00    0.00    0.00  100.00
Average:       5    0.00    0.00    0.00    0.00    0.00    0.00    0.00    0.00  100.00
Average:       6    0.00    0.00    0.00    0.00    0.00    0.00    0.00    0.00  100.00
Average:       7    0.00    0.00    0.00    0.00    0.00    0.00    0.00    0.00  100.00
Average:       2    0.00    0.00    1.99    1.99    0.00    0.00    0.00    0.00   96.02
Average:       3    0.00    0.00    0.00    0.00    0.00    0.00    0.00    0.00  100.00
Average:       4    0.00    0.00    0.00    0.00    0.00    0.00    0.00    0.00  100.00
Average:       5    0.00    0.00    0.00    0.00    0.00    0.00    0.00    0.00  100.00
Average:       6    0.00    0.00    0.00    0.00    0.00    0.00    0.00    0.00  100.00
Average:       7    0.00    0.00    0.00    0.00    0.00    0.00    0.00    0.00  100.00
Average:       2    0.00    0.00    0.00    0.00    0.00    0.00    0.50    0.00   99.50
Average:       3    0.00    0.00    0.00    0.00    0.00    0.00    0.00    0.00  100.00
Average:       4    0.00    0.00    0.00    0.00    0.00    0.00    0.00    0.00  100.00
Average:       5    0.00    0.00    0.00    0.00    0.00    0.00    0.00    0.00  100.00
Average:       6    0.00    0.00    0.00    0.00    0.00    0.00    0.00    0.00  100.00
Average:       7    0.00    0.00    0.00    0.00    0.00    0.00    0.00    0.00  100.00
Average:       2    0.00    0.00    1.01    2.01    0.00    0.00    0.50    0.00   96.48
Average:       3    0.00    0.00    0.00    0.00    0.00    0.00    0.00    0.00  100.00
Average:       4    0.00    0.00    0.00    0.00    0.00    0.00    0.00    0.00  100.00
Average:       5    0.00    0.00    0.00    0.00    0.00    0.00    0.00    0.00  100.00
Average:       6    0.00    0.00    0.00    0.00    0.00    0.00    0.00    0.00  100.00
Average:       7    0.00    0.00    0.00    0.00    0.00    0.00    0.00    0.00  100.00
Average:       2    0.00    0.00    0.51    0.00    0.00    0.00    0.51    0.00   98.99
Average:       3    0.00    0.00    0.00    0.00    0.00    0.00    0.00    0.00  100.00
Average:       4    0.00    0.00    0.00    0.00    0.00    0.00    0.00    0.00  100.00
Average:       5    0.00    0.00    0.00    0.00    0.00    0.00    0.00    0.00  100.00
Average:       6    0.00    0.00    0.00    0.00    0.00    0.00    0.00    0.00  100.00
Average:       7    0.00    0.00    0.00    0.00    0.00    0.00    0.00    0.00  100.00
Average:       2    0.00    0.00    0.00    0.00    0.00    0.00    0.00    0.00  100.00
Average:       3    0.00    0.00    0.00    0.00    0.00    0.00    0.00    0.00  100.00
Average:       4    0.00    0.00    0.00    0.00    0.00    0.00    0.00    0.00  100.00
Average:       5    0.00    0.00    0.00    0.00    0.00    0.00    0.00    0.00  100.00
Average:       6    0.00    0.00    0.00    0.00    0.00    0.00    0.00    0.00  100.00
Average:       7    0.00    0.00    0.00    0.00    0.00    0.00    0.00    0.00  100.00
Average:       2    0.00    0.00    0.00    0.00    0.00    0.00    0.00    0.00  100.00
Average:       3    0.00    0.00    0.00    0.00    0.00    0.00    0.00    0.00  100.00
Average:       4    0.00    0.00    0.00    0.00    0.00    0.00    0.00    0.00  100.00
Average:       5    0.00    0.00    0.00    0.00    0.00    0.00    0.00    0.00  100.00
Average:       6    0.00    0.00    0.00    0.00    0.00    0.00    0.00    0.00  100.00
Average:       7    0.00    0.00    0.00    0.00    0.00    0.00    0.00    0.00  100.00
Average:       2    0.00    0.00    0.00    0.00    0.00    0.00    0.00    0.00  100.00
Average:       3    0.00    0.00    0.00    0.00    0.00    0.00    0.00    0.00  100.00
Average:       4    0.00    0.00    0.00    0.00    0.00    0.00    0.00    0.00  100.00
Average:       5    0.00    0.00    0.00    0.00    0.00    0.00    0.00    0.00  100.00
Average:       6    0.00    0.00    0.00    0.00    0.00    0.00    0.00    0.00  100.00
Average:       7    0.00    0.00    0.00    0.00    0.00    0.00    0.00    0.00  100.00
Average:       2    0.00    0.00    0.50    0.00    0.00    0.00    0.00    0.00   99.50
Average:       3    0.00    0.00    0.00    0.00    0.00    0.00    0.00    0.00  100.00
Average:       4    0.00    0.00    0.00    0.00    0.00    0.00    0.00    0.00  100.00
Average:       5    0.00    0.00    0.00    0.00    0.00    0.00    0.00    0.00  100.00
Average:       6    0.00    0.00    0.00    0.00    0.00    0.00    0.00    0.00  100.00
Average:       7    0.00    0.00    0.00    0.00    0.00    0.00    0.00    0.00  100.00
Average:       2    0.00    0.00    0.00    0.00    0.00    0.00    0.00    0.00  100.00
Average:       3    0.00    0.00    0.00    0.00    0.00    0.00    0.00    0.00  100.00
Average:       4    0.00    0.00    0.00    0.00    0.00    0.00    0.00    0.00  100.00
Average:       5    0.00    0.00    0.00    0.00    0.00    0.00    0.00    0.00  100.00
Average:       6    0.00    0.00    0.00    0.00    0.00    0.00    0.00    0.00  100.00
Average:       7    0.00    0.00    0.00    0.00    0.00    0.00    0.00    0.00  100.00
Average:       2    0.00    0.00    0.00    0.00    0.00    0.00    0.00    0.00  100.00
Average:       3    0.00    0.00    0.00    0.00    0.00    0.00    0.00    0.00  100.00
Average:       4    0.00    0.00    0.00    0.00    0.00    0.00    0.00    0.00  100.00
Average:       5    0.00    0.00    0.00    0.00    0.00    0.00    0.00    0.00  100.00
Average:       6    0.00    0.00    0.00    0.00    0.00    0.00    0.00    0.00  100.00
Average:       7    0.00    0.00    0.00    0.00    0.00    0.00    0.00    0.00  100.00
Average:       2    0.00    0.00    0.00    0.00    0.00    0.00    0.00    0.00  100.00
Average:       3    0.00    0.00    0.00    0.00    0.00    0.00    0.00    0.00  100.00
Average:       4    0.00    0.00    0.00    0.00    0.00    0.00    0.00    0.00  100.00
Average:       5    0.00    0.00    0.00    0.00    0.00    0.00    0.00    0.00  100.00
Average:       6    0.00    0.00    0.00    0.00    0.00    0.00    0.00    0.00  100.00
Average:       7    0.00    0.00    0.00    0.00    0.00    0.00    0.00    0.00  100.00
Average:       2    0.00    0.00    0.00    0.00    0.00    0.00    0.00    0.00  100.00
Average:       3    0.00    0.00    0.00    0.00    0.00    0.00    0.00    0.00  100.00
Average:       4    0.00    0.00    0.00    0.00    0.00    0.00    0.00    0.00  100.00
Average:       5    0.00    0.00    0.00    0.00    0.00    0.00    0.00    0.00  100.00
Average:       6    0.00    0.00    0.00    0.00    0.00    0.00    0.00    0.00  100.00
Average:       7    0.00    0.00    0.00    0.00    0.00    0.00    0.00    0.00  100.00
Average:       2    0.00    0.00    0.00    0.00    0.00    0.00    0.00    0.00  100.00
Average:       3    0.00    0.00    0.00    0.00    0.00    0.00    0.00    0.00  100.00
Average:       4    0.00    0.00    0.00    0.00    0.00    0.00    0.00    0.00  100.00
Average:       5    0.00    0.00    0.00    0.00    0.00    0.00    0.00    0.00  100.00
Average:       6    0.00    0.00    0.00    0.00    0.00    0.00    0.00    0.00  100.00
Average:       7    0.00    0.00    0.00    0.00    0.00    0.00    0.00    0.00  100.00
Average:       2    0.00    0.00    0.00    0.00    0.00    0.00    0.00    0.00  100.00
Average:       3    0.00    0.00    0.00    0.00    0.00    0.00    0.00    0.00  100.00
Average:       4    0.00    0.00    0.00    0.00    0.00    0.00    0.00    0.00  100.00
Average:       5    0.00    0.00    0.00    0.00    0.00    0.00    0.00    0.00  100.00
Average:       6    0.00    0.00    0.00    0.00    0.00    0.00    0.00    0.00  100.00
Average:       7    0.00    0.00    0.00    0.00    0.00    0.00    0.00    0.00  100.00
Average:       2    0.00    0.00    0.00    0.00    0.00    0.00    0.00    0.00  100.00
Average:       3    0.00    0.00    0.00    0.00    0.00    0.00    0.00    0.00  100.00
Average:       4    0.00    0.00    0.00    0.00    0.00    0.00    0.00    0.00  100.00
Average:       5    0.00    0.00    0.00    0.00    0.00    0.00    0.00    0.00  100.00
Average:       6    0.00    0.00    0.00    0.00    0.00    0.00    0.00    0.00  100.00
Average:       7    0.00    0.00    0.00    0.00    0.00    0.00    0.00    0.00  100.00
Average:       2    0.00    0.00    0.00    0.00    0.00    0.00    0.50    0.00   99.50
Average:       3    0.00    0.00    0.00    0.00    0.00    0.00    0.00    0.00  100.00
Average:       4    0.00    0.00    0.00    0.00    0.00    0.00    0.00    0.00  100.00
Average:       5    0.00    0.00    0.00    0.00    0.00    0.00    0.00    0.00  100.00
Average:       6    0.00    0.00    0.00    0.00    0.00    0.00    0.00    0.00  100.00
Average:       7    0.00    0.00    0.00    0.00    0.00    0.00    0.00    0.00  100.00
Average:       2    0.00    0.00    0.00    0.00    0.00    0.00    0.00    0.00  100.00
Average:       3    0.00    0.00    0.00    0.00    0.00    0.00    0.00    0.00  100.00
Average:       4    0.00    0.00    0.00    0.00    0.00    0.00    0.00    0.00  100.00
Average:       5    0.00    0.00    0.00    0.00    0.00    0.00    0.00    0.00  100.00
Average:       6    0.00    0.00    0.00    0.00    0.00    0.00    0.00    0.00  100.00
Average:       7    0.00    0.00    0.00    0.00    0.00    0.00    0.00    0.00  100.00
Average:       2    0.00    0.00    0.00    0.00    0.00    0.00    0.00    0.00  100.00
Average:       3    0.00    0.00    0.00    0.00    0.00    0.00    0.00    0.00  100.00
Average:       4    0.00    0.00    0.00    0.00    0.00    0.00    0.00    0.00  100.00
Average:       5    0.00    0.00    0.00    0.00    0.00    0.00    0.00    0.00  100.00
Average:       6    0.00    0.00    0.00    0.00    0.00    0.00    0.00    0.00  100.00
Average:       7    0.00    0.00    0.00    0.00    0.00    0.00    0.00    0.00  100.00
Average:       2    0.00    0.00    1.00    0.00    0.00    0.00    0.50    0.00   98.50
Average:       3    0.00    0.00    0.00    0.00    0.00    0.00    0.00    0.00  100.00
Average:       4    0.00    0.00    0.50    0.00    0.00    0.00    0.00    0.00   99.50
Average:       5    0.00    0.00    0.00    0.00    0.00    0.00    0.00    0.00  100.00
Average:       6    0.00    0.00    0.00    0.00    0.00    0.00    0.00    0.00  100.00
Average:       7    0.00    0.00    0.00    0.00    0.00    0.00    0.00    0.00  100.00
Average:       2    0.00    0.00    0.50    0.00    0.00    0.00    0.50    0.00   99.00
Average:       3    0.00    0.00    0.00    0.00    0.00    0.00    0.00    0.00  100.00
Average:       4    0.00    0.00    0.00    0.00    0.00    0.00    0.00    0.00  100.00
Average:       5    0.00    0.00    0.00    0.00    0.00    0.00    0.00    0.00  100.00
Average:       6    0.00    0.00    0.00    0.00    0.00    0.00    0.00    0.00  100.00
Average:       7    0.00    0.00    0.00    0.00    0.00    0.00    0.00    0.00  100.00
Average:       2    0.00    0.00    0.00    0.00    0.00    0.00    0.50    0.00   99.50
Average:       3    0.00    0.00    0.00    0.00    0.00    0.00    0.00    0.00  100.00
Average:       4    0.00    0.00    0.00    0.00    0.00    0.00    0.00    0.00  100.00
Average:       5    0.00    0.00    0.00    0.00    0.00    0.00    0.00    0.00  100.00
Average:       6    0.00    0.00    0.00    0.00    0.00    0.00    0.00    0.00  100.00
Average:       7    0.00    0.00    0.00    0.00    0.00    0.00    0.50    0.00   99.50
Average:       2    0.00    0.00    0.00    0.00    0.00    0.00    0.00    0.00  100.00
Average:       3    0.00    0.00    0.00    0.00    0.00    0.00    0.00    0.00  100.00
Average:       4    0.00    0.00    0.00    0.00    0.00    0.00    0.00    0.00  100.00
Average:       5    0.00    0.00    0.00    0.00    0.00    0.00    0.00    0.00  100.00
Average:       6    0.00    0.00    0.00    0.00    0.00    0.00    0.00    0.00  100.00
Average:       7    0.00    0.00    0.00    0.00    0.00    0.00    0.00    0.00  100.00
Average:       2    0.00    0.00    0.00    0.00    0.00    0.00    0.00    0.00  100.00
Average:       3    0.00    0.00    0.00    0.00    0.00    0.00    0.00    0.00  100.00
Average:       4    0.00    0.00    0.00    0.00    0.00    0.00    0.00    0.00  100.00
Average:       5    0.00    0.00    0.00    0.00    0.00    0.00    0.00    0.00  100.00
Average:       6    0.00    0.00    0.00    0.00    0.00    0.00    0.00    0.00  100.00
Average:       7    0.00    0.00    0.00    0.00    0.00    0.00    0.00    0.00  100.00
Average:       2    0.00    0.00    0.00    0.00    0.00    0.00    0.50    0.00   99.50
Average:       3    0.00    0.00    0.00    0.00    0.00    0.00    0.00    0.00  100.00
Average:       4    0.00    0.00    0.00    0.00    0.00    0.00    0.00    0.00  100.00
Average:       5    0.00    0.00    0.00    0.00    0.00    0.00    0.00    0.00  100.00
Average:       6    0.00    0.00    0.00    0.00    0.00    0.00    0.00    0.00  100.00
Average:       7    0.00    0.00    0.00    0.00    0.00    0.00    0.00    0.00  100.00
Average:       2    0.00    0.00    0.50    0.00    0.00    0.00    0.00    0.00   99.50
Average:       3    0.50    0.00    0.00    0.00    0.00    0.00    0.00    0.00   99.50
Average:       4    0.00    0.00    0.50    0.00    0.00    0.00    0.00    0.00   99.50
Average:       5    0.00    0.00    0.50    0.00    0.00    0.00    0.00    0.00   99.50
Average:       6    0.00    0.00    0.00    0.00    0.00    0.00    0.00    0.00  100.00
Average:       7    0.00    0.00    0.50    0.00    0.00    0.00    0.00    0.00   99.50
Average:       2    0.00    0.00    0.00    0.00    0.00    0.00    0.50    0.00   99.50
Average:       3    0.00    0.00    0.00    0.00    0.00    0.00    0.00    0.00  100.00
Average:       4    0.00    0.00    0.00    0.00    0.00    0.00    0.00    0.00  100.00
Average:       5    0.00    0.00    0.00    0.00    0.00    0.00    0.00    0.00  100.00
Average:       6    0.00    0.00    0.00    0.00    0.00    0.00    0.00    0.00  100.00
Average:       7    0.00    0.00    0.00    0.00    0.00    0.00    0.00    0.00  100.00
Average:       2    0.00    0.00    0.00    0.00    0.00    0.00    0.50    0.00   99.50
Average:       3    0.00    0.00    0.00    0.00    0.00    0.00    0.00    0.00  100.00
Average:       4    0.00    0.00    0.00    0.00    0.00    0.00    0.00    0.00  100.00
Average:       5    0.00    0.00    0.00    0.00    0.00    0.00    0.00    0.00  100.00
Average:       6    0.00    0.00    0.00    0.00    0.00    0.00    0.00    0.00  100.00
Average:       7    0.00    0.00    0.00    0.00    0.00    0.00    0.00    0.00  100.00
Average:       2    0.00    0.00    0.00    0.00    0.00    0.00    0.50    0.00   99.50
Average:       3    0.00    0.00    0.00    0.00    0.00    0.00    0.00    0.00  100.00
Average:       4    0.00    0.00    0.00    0.00    0.00    0.00    0.00    0.00  100.00
Average:       5    0.00    0.00    0.00    0.00    0.00    0.00    0.00    0.00  100.00
Average:       6    0.00    0.00    0.00    0.00    0.00    0.00    0.00    0.00  100.00
Average:       7    0.00    0.00    0.00    0.00    0.00    0.00    0.00    0.00  100.00
Average:       2    0.00    0.00    0.00    0.00    0.00    0.00    0.00    0.00  100.00
Average:       3    0.00    0.00    0.00    0.00    0.00    0.00    0.00    0.00  100.00
Average:       4    0.00    0.00    0.00    0.00    0.00    0.00    0.00    0.00  100.00
Average:       5    0.00    0.00    0.00    0.00    0.00    0.00    0.00    0.00  100.00
Average:       6    0.00    0.00    0.00    0.00    0.00    0.00    0.00    0.00  100.00
Average:       7    0.00    0.00    0.00    0.00    0.00    0.00    0.00    0.00  100.00
Average:       2    0.00    0.00    0.00    0.00    0.00    0.00    0.00    0.00  100.00
Average:       3    0.00    0.00    0.00    0.00    0.00    0.00    0.00    0.00  100.00
Average:       4    0.00    0.00    0.00    0.00    0.00    0.00    0.00    0.00  100.00
Average:       5    0.00    0.00    0.00    0.00    0.00    0.00    0.00    0.00  100.00
Average:       6    0.00    0.00    0.00    0.00    0.00    0.00    0.00    0.00  100.00
Average:       7    0.00    0.00    0.00    0.00    0.00    0.00    0.00    0.00  100.00
Average:       2    0.00    0.00    0.50    0.00    0.00    0.00    0.00    0.00   99.50
Average:       3    0.00    0.00    0.00    0.00    0.00    0.00    0.00    0.00  100.00
Average:       4    0.00    0.00    0.50    0.00    0.00    0.00    0.00    0.00   99.50
Average:       5    0.00    0.00    0.00    0.00    0.00    0.00    0.00    0.00  100.00
Average:       6    0.00    0.00    0.51    0.00    0.00    0.00    0.00    0.00   99.49
Average:       7   36.00    0.00    4.50    0.00    0.00    0.00    0.00    0.00   59.50
Average:       2    5.47    0.00   13.43    1.00    0.00    0.00    0.50    0.00   79.60
Average:       3   10.66    0.00   16.75    0.00    0.00    0.00    0.00    0.00   72.59
Average:       4    5.10    0.00   10.20    1.53    0.00    0.00    0.51    0.00   82.65
Average:       5   13.78    0.00   17.35    0.00    0.00    0.00    0.51    0.00   68.37
Average:       6    9.55    0.00   13.57    1.01    0.00    0.00    0.00    0.00   75.88
Average:       7    9.60    0.00   15.66    0.00    0.00    0.00    0.00    0.00   74.75
Average:       2   11.17    0.00   14.21    0.00    0.00    0.00    0.00    0.00   74.62
Average:       3    9.23    0.00   15.38    0.00    0.00    0.00    0.00    0.00   75.38
Average:       4    6.60    0.00   13.20    0.00    0.00    0.00    0.00    0.00   80.20
Average:       5    9.69    0.00   13.78    0.00    0.00    0.00    0.00    0.00   76.53
Average:       6    8.12    0.00   15.23    0.00    0.00    0.00    0.00    0.00   76.65
Average:       7    7.07    0.00   12.63    0.00    0.00    0.00    0.00    0.00   80.30
Average:       2    6.57    0.00   15.15    0.00    0.00    0.00    0.00    0.00   78.28
Average:       3   13.13    0.00   16.16    0.00    0.00    0.00    0.51    0.00   70.20
Average:       4   12.24    0.00   15.31    0.00    0.00    0.00    0.00    0.00   72.45
Average:       5    5.53    0.00   11.06    0.00    0.00    0.00    0.00    0.00   83.42
Average:       6    9.00    0.00   14.50    0.00    0.00    0.00    0.00    0.00   76.50
Average:       7   15.66    0.00   15.66    0.00    0.00    0.00    0.51    0.00   68.18
Average:       2   16.08    0.00   19.10    0.00    0.00    0.00    0.00    0.00   64.82
Average:       3    7.07    0.00   12.12    0.00    0.00    0.00    0.00    0.00   80.81
Average:       4   10.31    0.00   15.46    0.00    0.00    0.00    0.00    0.00   74.23
Average:       5   11.00    0.00   13.00    0.00    0.00    0.00    0.50    0.00   75.50
Average:       6   14.14    0.00   17.68    0.00    0.00    0.00    0.00    0.00   68.18
Average:       7    7.61    0.00   11.17    0.00    0.00    0.00    0.00    0.00   81.22
Average:       2   13.57    0.00   17.09    0.00    0.00    0.00    0.00    0.00   69.35
Average:       3    7.04    0.00   11.56    0.00    0.00    0.00    0.00    0.00   81.41
Average:       4   15.74    0.00   17.26    0.00    0.00    0.00    0.00    0.00   67.01
Average:       5    7.14    0.00   11.73    0.00    0.00    0.00    0.00    0.00   81.12
Average:       6   12.18    0.00   18.78    0.00    0.00    0.00    0.00    0.00   69.04
Average:       7    6.57    0.00   10.10    0.00    0.00    0.00    0.00    0.00   83.33
Average:       2   26.63    0.00    7.04    0.00    0.00    0.00    0.00    0.00   66.33
Average:       3   29.65    0.00    5.53    0.00    0.00    0.00    0.00    0.00   64.82
Average:       4   35.50    0.00    5.00    0.00    0.00    0.00    0.00    0.00   59.50
Average:       5   35.32    0.00    4.98    1.00    0.00    0.00    0.50    0.00   58.21
Average:       6   23.62    0.00    3.02    0.00    0.00    0.00    0.00    0.00   73.37
Average:       7   39.00    0.00    6.50    0.00    0.00    0.00    0.50    0.00   54.00
Average:       2   29.65    0.00    3.52    0.00    0.00    0.00    0.00    0.00   66.83
Average:       3   43.94    0.00    4.04    0.00    0.00    0.00    0.51    0.00   51.52
Average:       4   29.29    0.00    6.06    0.00    0.00    0.00    0.00    0.00   64.65
Average:       5   25.13    0.00    6.53    0.00    0.00    0.00    0.00    0.00   68.34
Average:       6   16.08    0.00    4.52    0.00    0.00    0.00    0.00    0.00   79.40
Average:       7   48.50    0.00   11.00    0.00    0.00    0.00    0.00    0.00   40.50
Average:       2   31.16    0.00    4.52    0.00    0.00    0.00    0.00    0.00   64.32
Average:       3   41.71    0.00    5.53    0.00    0.00    0.00    0.50    0.00   52.26
Average:       4   27.92    0.00    4.06    0.00    0.00    0.00    0.00    0.00   68.02
Average:       5   50.00    0.00    9.50    0.00    0.00    0.00    0.50    0.00   40.00
Average:       6   26.63    0.00    8.04    0.00    0.00    0.00    0.00    0.00   65.33
Average:       7   34.01    0.00    4.57    0.00    0.00    0.00    0.00    0.00   61.42
Average:       2   42.71    0.00   10.55    0.00    0.00    0.00    0.50    0.00   46.23
Average:       3   36.68    0.00    5.03    0.00    0.00    0.00    0.50    0.00   57.79
Average:       4   52.50    0.00    6.50    0.00    0.00    0.00    1.00    0.00   40.00
Average:       5   16.75    0.00    2.54    0.00    0.00    0.00    0.00    0.00   80.71
Average:       6   18.50    0.00    4.50    0.00    0.00    0.00    0.50    0.00   76.50
Average:       7   24.24    0.00    4.04    0.00    0.00    0.00    0.00    0.00   71.72
Average:       2   32.16    0.00    5.03    0.00    0.00    0.00    0.50    0.00   62.31
Average:       3   44.55    0.00    9.90    0.00    0.00    0.00    0.50    0.00   45.05
Average:       4   15.08    0.00    4.02    0.00    0.00    0.00    0.50    0.00   80.40
Average:       5   29.80    0.00    3.54    0.00    0.00    0.00    0.51    0.00   66.16
Average:       6   25.50    0.00    5.00    0.00    0.00    0.00    0.50    0.00   69.00
Average:       7   32.66    0.00    3.52    0.00    0.00    0.00    0.50    0.00   63.32
Average:       2   51.76    0.00    8.04    0.00    0.00    0.00    0.00    0.00   40.20
Average:       3   28.06    0.00    4.59    0.00    0.00    0.00    0.00    0.00   67.35
Average:       4   26.13    0.00    2.01    0.00    0.00    0.00    0.00    0.00   71.86
Average:       5   27.00    0.00    3.00    0.00    0.00    0.00    0.00    0.00   70.00
Average:       6   47.24    0.00    9.05    0.00    0.00    0.00    0.50    0.00   43.22
Average:       7   20.20    0.00    2.53    0.00    0.00    0.00    0.00    0.00   77.27
Average:       2   45.00    0.00    5.50    0.00    0.00    0.00    0.50    0.00   49.00
Average:       3   47.96    0.00    9.69    0.00    0.00    0.00    0.00    0.00   42.35
Average:       4   31.28    0.00    4.62    0.00    0.00    0.00    0.00    0.00   64.10
Average:       5   22.34    0.00    2.54    0.00    0.00    0.00    0.51    0.00   74.62
Average:       6   11.56    0.00    3.52    0.00    0.00    0.00    0.00    0.00   84.92
Average:       7   45.23    0.00    9.05    0.00    0.00    0.00    0.00    0.00   45.73
Average:       2   21.32    0.00    2.54    0.00    0.00    0.00    0.00    0.00   76.14
Average:       3   41.12    0.00    7.11    0.00    0.00    0.00    0.00    0.00   51.78
Average:       4   26.63    0.00    8.04    0.00    0.00    0.00    0.00    0.00   65.33
Average:       5   40.70    0.00    7.04    0.00    0.00    0.00    0.50    0.00   51.76
Average:       6   38.19    0.00    4.52    0.00    0.00    0.00    0.00    0.00   57.29
Average:       7   28.50    0.00    5.00    0.00    0.00    0.00    0.50    0.00   66.00
Average:       2   27.78    0.00    5.05    0.00    0.00    0.00    0.51    0.00   66.67
Average:       3   43.22    0.00    6.03    0.00    0.00    0.00    0.00    0.00   50.75
Average:       4   39.29    0.00    4.08    0.00    0.00    0.00    0.00    0.00   56.63
Average:       5   31.31    0.00    6.57    0.00    0.00    0.00    0.00    0.00   62.12
Average:       6   32.65    0.00    5.61    0.00    0.00    0.00    0.00    0.00   61.73
Average:       7   21.83    0.00    2.03    0.00    0.00    0.00    0.00    0.00   76.14
Average:       2   33.67    0.00    7.04    0.00    0.00    0.00    0.00    0.00   59.30
Average:       3   39.80    0.00    4.59    0.00    0.00    0.00    0.00    0.00   55.61
Average:       4   23.86    0.00    1.02    0.00    0.00    0.00    0.00    0.00   75.13
Average:       5   36.36    0.00    4.04    0.00    0.00    0.00    0.00    0.00   59.60
Average:       6   25.63    0.00   10.05    0.00    0.00    0.00    0.00    0.00   64.32
Average:       7   21.11    0.00    4.02    0.00    0.00    0.00    0.00    0.00   74.87
Average:       2   24.24    0.00    3.03    0.00    0.00    0.00    0.51    0.00   72.22
Average:       3   28.28    0.00    3.54    0.00    0.00    0.00    0.51    0.00   67.68
Average:       4   33.50    0.00    4.06    0.00    0.00    0.00    0.00    0.00   62.44
Average:       5   50.25    0.00    4.02    0.00    0.00    0.00    0.00    0.00   45.73
Average:       6   41.50    0.00   10.50    0.00    0.00    0.00    0.00    0.00   48.00
Average:       7   25.13    0.00    5.03    0.00    0.00    0.00    0.00    0.00   69.85
Average:       2   49.24    0.00    8.12    0.00    0.00    0.00    0.00    0.00   42.64
Average:       3   30.46    0.00    5.08    0.00    0.00    0.00    0.00    0.00   64.47
Average:       4   27.00    0.00    3.00    0.00    0.00    0.00    0.50    0.00   69.50
Average:       5   20.20    0.00    9.09    0.00    0.00    0.00    0.00    0.00   70.71
Average:       6   50.00    0.00    8.00    0.50    0.00    0.00    0.00    0.00   41.50
Average:       7   43.22    0.00    6.03    0.00    0.00    0.00    0.00    0.00   50.75
Average:       2   33.00    0.00   10.00    0.00    0.00    0.50    0.00    0.00   56.50
Average:       3   22.22    0.00    5.05    0.00    0.00    0.00    0.00    0.00   72.73
Average:       4   18.69    0.00    6.06    0.00    0.00    0.00    0.00    0.00   75.25
Average:       5   37.88    0.00    7.58    0.00    0.00    0.00    0.00    0.00   54.55
Average:       6   26.26    0.00    6.06    0.00    0.00    0.00    0.00    0.00   67.68
Average:       7   35.71    0.00    4.59    0.00    0.00    0.00    0.00    0.00   59.69
Average:       2   54.27    0.00    8.04    0.00    0.00    0.00    0.50    0.00   37.19
Average:       3   20.81    0.00    2.54    0.00    0.00    0.00    0.00    0.00   76.65
Average:       4   33.50    0.00    3.55    0.51    0.00    0.00    0.00    0.00   62.44
Average:       5   48.22    0.00    7.11    0.00    0.00    0.00    0.00    0.00   44.67
Average:       6   22.61    0.00    3.52    0.00    0.00    0.00    0.50    0.00   73.37
Average:       7   28.28    0.00    8.59    0.00    0.00    0.00    0.00    0.00   63.13
Average:       2   27.41    0.00    6.60    0.00    0.00    0.00    0.00    0.00   65.99
Average:       3   34.85    0.00    7.58    0.00    0.00    0.00    0.51    0.00   57.07
Average:       4   31.98    0.00    5.08    0.00    0.00    0.00    0.51    0.00   62.44
Average:       5   30.15    0.00    3.02    0.00    0.00    0.00    0.50    0.00   66.33
Average:       6   24.12    0.00    5.53    0.00    0.00    0.00    0.00    0.00   70.35
Average:       7   42.29    0.00    8.46    0.00    0.00    0.00    0.50    0.00   48.76
Average:       2   10.10    0.00    4.55    0.00    0.00    0.00    0.51    0.00   84.85
Average:       3   27.78    0.00    9.60    0.00    0.00    0.00    0.51    0.00   62.12
Average:       4   49.75    0.00    6.60    0.00    0.00    0.00    0.00    0.00   43.65
Average:       5   24.88    0.00    3.48    0.00    0.00    0.00    0.50    0.00   71.14
Average:       6   46.46    0.00    5.05    0.00    0.00    0.00    0.00    0.00   48.48
Average:       7   38.07    0.00    3.55    0.00    0.00    0.00    0.51    0.00   57.87
Average:       2   20.20    0.00    7.07    0.00    0.00    0.00    0.51    0.00   72.22
Average:       3   22.84    0.00    2.03    0.00    0.00    0.00    0.00    0.00   75.13
Average:       4   43.65    0.00    7.11    0.00    0.00    0.00    0.00    0.00   49.24
Average:       5   35.03    0.00    3.05    0.00    0.00    0.00    0.00    0.00   61.93
Average:       6   40.70    0.00   10.05    0.00    0.00    0.00    0.00    0.00   49.25
Average:       7   24.12    0.00    7.04    0.00    0.00    0.00    0.00    0.00   68.84
Average:       2   24.75    0.00    6.57    0.00    0.00    0.00    0.00    0.00   68.69
Average:       3   42.50    0.00    9.00    0.00    0.00    0.00    0.50    0.00   48.00
Average:       4   34.67    0.00    6.53    0.00    0.00    0.00    0.00    0.00   58.79
Average:       5   22.73    0.00    3.03    0.00    0.00    0.00    0.00    0.00   74.24
Average:       6   29.00    0.00    7.00    0.00    0.00    0.00    0.00    0.00   64.00
Average:       7   23.12    0.00    5.03    0.00    0.00    0.00    0.00    0.00   71.86
Average:       2   31.82    0.00    7.07    0.00    0.00    0.00    0.00    0.00   61.11
Average:       3   54.31    0.00    7.11    0.00    0.00    0.00    0.00    0.00   38.58
Average:       4   28.93    0.00    3.05    0.00    0.00    0.00    0.51    0.00   67.51
Average:       5   24.37    0.00    3.05    0.00    0.00    0.00    0.00    0.00   72.59
Average:       6   36.36    0.00    6.57    0.00    0.00    0.00    0.00    0.00   57.07
Average:       7   19.19    0.00    2.53    0.00    0.00    0.00    0.51    0.00   77.78
Average:       2   22.22    0.00    5.56    0.00    0.00    0.00    0.00    0.00   72.22
Average:       3   46.23    0.00    6.53    0.00    0.00    0.00    0.50    0.00   46.73
Average:       4   32.65    0.00    4.59    0.00    0.00    0.00    0.00    0.00   62.76
Average:       5   29.44    0.00    2.54    0.00    0.00    0.00    0.00    0.00   68.02
Average:       6   37.50    0.00    3.50    0.00    0.00    0.00    0.00    0.00   59.00
Average:       7   22.05    0.00    4.62    0.00    0.00    0.00    0.00    0.00   73.33
Average:       2   18.59    0.00    0.50    0.00    0.00    0.00    0.50    0.00   80.40
Average:       3   54.04    0.00    4.04    0.00    0.00    0.00    0.00    0.00   41.92
Average:       4   44.00    0.00    8.00    0.00    0.00    0.00    0.50    0.00   47.50
Average:       5   17.35    0.00    4.08    0.00    0.00    0.00    0.00    0.00   78.57
Average:       6   31.00    0.00    4.50    0.00    0.00    0.00    0.50    0.00   64.00
Average:       7   40.50    0.00    7.00    0.00    0.00    0.00    0.50    0.00   52.00
Average:       2   13.13    0.00    2.53    0.00    0.00    0.00    0.00    0.00   84.34
Average:       3   18.78    0.00    6.60    0.00    0.00    0.00    0.00    0.00   74.62
Average:       4   50.75    0.00    5.03    0.00    0.00    0.00    0.00    0.00   44.22
Average:       5   48.48    0.00    8.59    0.00    0.00    0.00    0.00    0.00   42.93
Average:       6   31.34    0.00    5.97    0.00    0.00    0.00    0.50    0.00   62.19
Average:       7   31.63    0.00    2.55    0.00    0.00    0.00    0.00    0.00   65.82
Average:       2   56.78    0.00   12.06    0.00    0.00    0.00    0.00    0.00   31.16
Average:       3   40.91    0.00    7.07    0.00    0.00    0.00    0.00    0.00   52.02
Average:       4   24.50    0.00    7.00    0.00    0.00    0.00    0.00    0.00   68.50
Average:       5    8.04    0.00    3.52    0.00    0.00    0.00    0.00    0.00   88.44
Average:       6   36.50    0.00    9.00    0.00    0.00    0.00    0.50    0.00   54.00
Average:       7   36.18    0.00    6.03    0.00    0.00    0.00    0.00    0.00   57.79
Average:       2   34.85    0.00    7.07    0.00    0.00    0.00    0.00    0.00   58.08
Average:       3   20.90    0.00    6.47    0.00    0.00    0.00    0.00    0.00   72.64
Average:       4   10.00    0.00    5.50    0.00    0.00    0.00    0.50    0.00   84.00
Average:       5   40.91    0.00    7.58    0.00    0.00    0.00    0.00    0.00   51.52
Average:       6   36.36    0.00    4.55    0.00    0.00    0.00    0.00    0.00   59.09
Average:       7   70.50    0.00    8.00    0.00    0.00    0.00    0.50    0.00   21.00
Average:       2   28.93    0.00    2.54    0.00    0.00    0.00    0.00    0.00   68.53
Average:       3   36.18    0.00    4.02    0.00    0.00    0.00    0.50    0.00   59.30
Average:       4   51.01    0.00   11.11    0.00    0.00    0.00    0.51    0.00   37.37
Average:       5   23.23    0.00    4.04    0.00    0.00    0.00    0.00    0.00   72.73
Average:       6   51.98    0.00    5.45    0.00    0.00    0.00    0.50    0.00   42.08
Average:       7   28.93    0.00    3.05    0.00    0.00    0.00    0.00    0.00   68.02
Average:       2    5.03    0.00    1.51    0.00    0.00    0.00    0.00    0.00   93.47
Average:       3   33.00    0.00    8.00    0.00    0.00    0.00    0.50    0.00   58.50
Average:       4   81.50    0.00    5.00    0.00    0.00    0.00    0.00    0.00   13.50
Average:       5   28.57    0.00    5.10    0.00    0.00    0.00    0.00    0.00   66.33
Average:       6   24.62    0.00    5.03    0.00    0.00    0.00    0.50    0.00   69.85
Average:       7   28.14    0.00    3.52    0.00    0.00    0.00    0.00    0.00   68.34
Average:       2   28.93    0.00    5.08    0.00    0.00    0.00    0.00    0.00   65.99
Average:       3   30.15    0.00    9.55    0.00    0.00    0.00    0.50    0.00   59.80
Average:       4   24.24    0.00    4.55    0.00    0.00    0.00    0.51    0.00   70.71
Average:       5   22.22    0.00    1.01    0.00    0.00    0.00    0.00    0.00   76.77
Average:       6   27.92    0.00    7.61    0.00    0.00    0.00    0.00    0.00   64.47
Average:       7   25.89    0.00    6.09    0.00    0.00    0.00    0.00    0.00   68.02
Average:       2   40.50    0.00    7.00    0.00    0.00    0.00    0.50    0.00   52.00
Average:       3   16.33    0.00    7.65    0.00    0.00    0.00    0.00    0.00   76.02
Average:       4   23.23    0.00    8.08    0.00    0.00    0.00    0.00    0.00   68.69
Average:       5   27.92    0.00    5.08    0.00    0.00    0.00    0.00    0.00   67.01
Average:       6   54.50    0.00    7.00    0.00    0.00    0.00    0.00    0.00   38.50
Average:       7   36.55    0.00    5.58    0.00    0.00    0.00    0.00    0.00   57.87
Average:       2   24.75    0.00    4.04    0.00    0.00    0.00    0.51    0.00   70.71
Average:       3   36.00    0.00    7.50    0.00    0.00    0.00    0.00    0.00   56.50
Average:       4   32.14    0.00    6.63    0.00    0.00    0.00    0.00    0.00   61.22
Average:       5   15.66    0.00    2.02    0.00    0.00    0.00    0.00    0.00   82.32
Average:       6   42.93    0.00    8.59    0.00    0.00    0.00    0.00    0.00   48.48
Average:       7   25.13    0.00    5.53    0.00    0.00    0.00    0.00    0.00   69.35
Average:       2   10.15    0.00    3.55    0.00    0.00    0.00    0.00    0.00   86.29
Average:       3   33.33    0.00    6.06    0.00    0.00    0.00    0.00    0.00   60.61
Average:       4   39.60    0.00    8.42    0.00    0.00    0.00    0.00    0.00   51.98
Average:       5   39.59    0.00    9.14    0.00    0.00    0.00    0.00    0.00   51.27
Average:       6   28.43    0.00    6.60    0.00    0.00    0.00    0.00    0.00   64.97
Average:       7   24.12    0.00    4.02    0.00    0.00    0.00    0.00    0.00   71.86
Average:       2   26.26    0.00    7.58    0.00    0.00    0.00    0.00    0.00   66.16
Average:       3   29.80    0.00    5.05    0.00    0.00    0.00    0.00    0.00   65.15
Average:       4   30.81    0.00    3.54    0.00    0.00    0.00    0.51    0.00   65.15
Average:       5   44.67    0.00    7.61    0.00    0.00    0.00    0.00    0.00   47.72
Average:       6   38.50    0.00    6.00    0.00    0.00    0.00    0.00    0.00   55.50
Average:       7   48.00    0.00    6.00    0.00    0.00    0.00    0.50    0.00   45.50
Average:       2   23.35    0.00    6.09    0.00    0.00    0.00    0.51    0.00   70.05
Average:       3   42.71    0.00    4.52    0.00    0.00    0.00    0.50    0.00   52.26
Average:       4   35.35    0.00    7.58    0.00    0.00    0.00    0.51    0.00   56.57
Average:       5   24.00    0.00    3.50    0.00    0.00    0.00    0.00    0.00   72.50
Average:       6   46.97    0.00    6.57    0.00    0.00    0.00    0.00    0.00   46.46
Average:       7   29.06    0.00    5.91    0.00    0.00    0.00    0.49    0.00   64.53
Average:       2   37.06    0.00    4.06    0.00    0.00    0.00    0.00    0.00   58.88
Average:       3   28.93    0.00    1.52    0.00    0.00    0.00    0.00    0.00   69.54
Average:       4   54.55    0.00    7.58    0.00    0.00    0.00    0.00    0.00   37.88
Average:       5   17.35    0.00    4.08    0.00    0.00    0.00    0.00    0.00   78.57
Average:       6   30.50    0.00    7.00    0.00    0.00    0.00    0.00    0.00   62.50
Average:       7   17.00    0.00    5.50    0.00    0.00    0.00    0.00    0.00   77.50
Average:       2   15.31    0.00    5.10    0.00    0.00    0.00    0.00    0.00   79.59
Average:       3   32.14    0.00    4.59    0.00    0.00    0.00    0.00    0.00   63.27
Average:       4   21.61    0.00    6.03    0.00    0.00    0.00    0.00    0.00   72.36
Average:       5   45.23    0.00    8.04    0.00    0.00    0.00    0.00    0.00   46.73
Average:       6   18.69    0.00    6.06    0.00    0.00    0.00    0.51    0.00   74.75
Average:       7   43.22    0.00    5.53    0.00    0.00    0.00    0.00    0.00   51.26
Average:       2   22.61    0.00    3.02    0.00    0.00    0.50    0.00    0.00   73.87
Average:       3   55.56    0.00    3.54    0.00    0.00    0.00    0.00    0.00   40.91
Average:       4   31.98    0.00    6.60    0.00    0.00    0.00    0.00    0.00   61.42
Average:       5   26.53    0.00    3.06    0.00    0.00    0.00    0.00    0.00   70.41
Average:       6   11.44    0.00    3.48    0.00    0.00    0.00    0.50    0.00   84.58
Average:       7   35.18    0.00    7.54    0.00    0.00    0.00    0.50    0.00   56.78
Average:       2   37.56    0.00    5.08    0.00    0.00    0.00    0.00    0.00   57.36
Average:       3   50.25    0.00    8.54    0.00    0.00    0.00    0.00    0.00   41.21
Average:       4    2.51    0.00    3.52    0.00    0.00    0.00    0.00    0.00   93.97
Average:       5   39.50    0.00    9.50    0.00    0.00    0.00    0.00    0.00   51.00
Average:       6   26.26    0.00    6.06    0.00    0.00    0.00    0.00    0.00   67.68
Average:       7   28.93    0.00    7.11    0.00    0.00    0.00    0.00    0.00   63.96
Average:       2   24.62    0.00    5.53    0.00    0.00    0.00    0.50    0.00   69.35
Average:       3   47.98    0.00    6.57    0.00    0.00    0.00    0.00    0.00   45.45
Average:       4   47.00    0.00    6.50    0.00    0.00    0.00    0.00    0.00   46.50
Average:       5   24.75    0.00    5.05    0.00    0.00    0.00    0.00    0.00   70.20
Average:       6   17.68    0.00    4.04    0.00    0.00    0.00    0.00    0.00   78.28
Average:       7   35.86    0.00    7.58    0.00    0.00    0.00    0.51    0.00   56.06
Average:       2   62.00    0.00    8.50    0.00    0.00    0.00    0.50    0.00   29.00
Average:       3   25.25    0.00    2.02    0.00    0.00    0.00    0.00    0.00   72.73
Average:       4   19.40    0.00    3.98    0.00    0.00    0.00    0.50    0.00   76.12
Average:       5   39.00    0.00    9.50    0.00    0.00    0.00    0.00    0.00   51.50
Average:       6   19.00    0.00    4.00    0.00    0.00    0.00    0.00    0.00   77.00
Average:       7   42.35    0.00    6.63    0.00    0.00    0.00    0.00    0.00   51.02
Average:       2   44.44    0.00    4.55    0.00    0.00    0.00    0.00    0.00   51.01
Average:       3   21.61    0.00    6.53    0.00    0.00    0.00    0.00    0.00   71.86
Average:       4   34.67    0.00    4.52    0.00    0.00    0.00    0.50    0.00   60.30
Average:       5   21.32    0.00    7.11    0.00    0.00    0.00    0.00    0.00   71.57
Average:       6   34.52    0.00    5.58    0.00    0.00    0.00    0.00    0.00   59.90
Average:       7   38.19    0.00   10.55    0.00    0.00    0.00    0.00    0.00   51.26
Average:       2   26.63    0.00    5.03    0.00    0.00    0.00    0.50    0.00   67.84
Average:       3   57.29    0.00   11.06    0.00    0.00    0.00    0.00    0.00   31.66
Average:       4   14.29    0.00    4.59    0.00    0.00    0.00    0.00    0.00   81.12
Average:       5   36.87    0.00    5.56    0.00    0.00    0.00    0.00    0.00   57.58
Average:       6   40.70    0.00    6.53    0.00    0.00    0.00    0.00    0.00   52.76
Average:       7   39.29    0.00    5.10    0.00    0.00    0.00    0.00    0.00   55.61
Average:       2   34.17    0.00   10.05    0.00    0.00    0.00    0.00    0.00   55.78
Average:       3   46.73    0.00    2.51    0.00    0.00    0.00    0.00    0.00   50.75
Average:       4   27.27    0.00    5.56    0.00    0.00    0.00    0.00    0.00   67.17
Average:       5   30.50    0.00    5.50    0.00    0.00    0.00    0.00    0.00   64.00
Average:       6   29.29    0.00    6.06    0.00    0.00    0.00    0.00    0.00   64.65
Average:       7   23.86    0.00    5.58    0.00    0.00    0.00    0.00    0.00   70.56
Average:       2   38.50    0.00    8.00    0.00    0.00    0.00    0.50    0.00   53.00
Average:       3   37.69    0.00    5.53    0.00    0.00    0.00    0.00    0.00   56.78
Average:       4   49.50    0.00    6.50    0.50    0.00    0.00    0.50    0.00   43.00
Average:       5   34.01    0.00    5.58    0.00    0.00    0.00    0.51    0.00   59.90
Average:       6   26.67    0.00    4.10    0.00    0.00    0.00    0.00    0.00   69.23
Average:       7   21.11    0.00    3.02    0.00    0.00    0.00    0.00    0.00   75.88
Average:       2   26.77    0.00    2.02    0.00    0.00    0.00    0.00    0.00   71.21
Average:       3   36.18    0.00    6.53    0.00    0.00    0.50    0.00    0.00   56.78
Average:       4   28.43    0.00    7.61    0.00    0.00    0.00    0.00    0.00   63.96
Average:       5   32.49    0.00    4.57    0.00    0.00    0.00    0.00    0.00   62.94
Average:       6   42.64    0.00    6.60    0.00    0.00    0.00    0.00    0.00   50.76
Average:       7   28.93    0.00    5.08    0.00    0.00    0.00    0.51    0.00   65.48
Average:       2   22.61    0.00    7.04    0.00    0.00    0.00    0.00    0.00   70.35
Average:       3   24.12    0.00    4.02    0.00    0.00    0.00    0.00    0.00   71.86
Average:       4   59.30    0.00    9.05    0.00    0.00    0.00    0.00    0.00   31.66
Average:       5   45.73    0.00    8.54    0.00    0.00    0.00    0.00    0.00   45.73
Average:       6   28.43    0.00    5.58    0.00    0.00    0.00    0.00    0.00   65.99
Average:       7   26.90    0.00    9.64    0.00    0.00    0.00    0.00    0.00   63.45
Average:       2   24.12    0.00    8.04    0.00    0.00    0.00    0.00    0.00   67.84
Average:       3   21.11    0.00    2.51    0.00    0.00    0.00    0.00    0.00   76.38
Average:       4   41.12    0.00    8.63    0.00    0.00    0.00    0.00    0.00   50.25
Average:       5   31.00    0.00    5.00    0.00    0.00    0.00    0.50    0.00   63.50
Average:       6   48.24    0.00    7.54    0.00    0.00    0.00    0.00    0.00   44.22
Average:       7   43.65    0.00    8.12    0.00    0.00    0.00    0.00    0.00   48.22
Average:       2   23.62    0.00    3.52    0.00    0.00    0.00    0.00    0.00   72.86
Average:       3   32.83    0.00    7.58    0.00    0.00    0.00    0.00    0.00   59.60
Average:       4   46.70    0.00    6.60    0.00    0.00    0.00    0.00    0.00   46.70
Average:       5   25.00    0.00    4.50    0.00    0.00    0.00    0.50    0.00   70.00
Average:       6   42.64    0.00    6.09    0.00    0.00    0.00    0.00    0.00   51.27
Average:       7   34.50    0.00    3.50    0.00    0.00    0.00    0.00    0.00   62.00
Average:       2   14.72    0.00    4.57    0.00    0.00    0.00    0.00    0.00   80.71
Average:       3   31.12    0.00    6.12    0.00    0.00    0.00    0.00    0.00   62.76
Average:       4   12.63    0.00    5.56    0.00    0.00    0.00    0.00    0.00   81.82
Average:       5   28.79    0.00    6.57    0.00    0.00    0.00    0.00    0.00   64.65
Average:       6   26.53    0.00    6.12    0.00    0.00    0.00    0.00    0.00   67.35
Average:       7   39.70    0.00    4.02    0.00    0.00    0.00    0.00    0.00   56.28
Average:       2   16.50    0.00    6.00    0.00    0.00    0.00    0.00    0.00   77.50
Average:       3   31.82    0.00    7.58    0.00    0.00    0.00    0.51    0.00   60.10
Average:       4   23.74    0.00    5.05    0.00    0.00    0.00    0.51    0.00   70.71
Average:       5   58.88    0.00    9.14    0.00    0.00    0.00    0.51    0.00   31.47
Average:       6   23.88    0.00    4.48    0.00    0.00    0.00    0.50    0.00   71.14
Average:       7   35.68    0.00    8.04    0.00    0.00    0.00    0.00    0.00   56.28
Average:       2   53.57    0.00    9.18    0.00    0.00    0.00    0.00    0.00   37.24
Average:       3   44.95    0.00    5.56    0.00    0.00    0.00    0.00    0.00   49.49
Average:       4   21.50    0.00    5.50    0.00    0.00    0.00    0.50    0.00   72.50
Average:       5   38.69    0.00    8.54    0.00    0.00    0.00    0.00    0.00   52.76
Average:       6   17.68    0.00    3.54    0.00    0.00    0.00    0.00    0.00   78.79
Average:       7   27.64    0.00    8.04    0.00    0.00    0.00    0.00    0.00   64.32
Average:       2   32.65    0.00    2.04    0.00    0.00    0.00    0.51    0.00   64.80
Average:       3   50.51    0.00    3.54    0.00    0.00    0.00    0.00    0.00   45.96
Average:       4   39.80    0.00    9.45    0.00    0.00    0.00    0.50    0.00   50.25
Average:       5   35.35    0.00   10.10    0.00    0.00    0.00    0.00    0.00   54.55
Average:       6   30.30    0.00    6.57    0.00    0.00    0.00    0.51    0.00   62.63
Average:       7   14.72    0.00    5.08    0.00    0.00    0.00    0.00    0.00   80.20
Average:       2   69.35    0.00   10.05    0.00    0.00    0.00    0.00    0.00   20.60
Average:       3   42.50    0.00    6.50    0.00    0.00    0.00    0.50    0.00   50.50
Average:       4   13.50    0.00    5.00    0.00    0.00    0.00    0.00    0.00   81.50
Average:       5   18.69    0.00    5.56    0.00    0.00    0.00    0.00    0.00   75.76
Average:       6   54.55    0.00    5.56    0.00    0.00    0.00    0.00    0.00   39.90
Average:       7   17.50    0.00    4.00    0.00    0.00    0.00    0.00    0.00   78.50
Average:       2   34.17    0.00    7.04    0.00    0.00    0.00    0.00    0.00   58.79
Average:       3   22.34    0.00    5.58    0.00    0.00    0.00    0.00    0.00   72.08
Average:       4   70.00    0.00    9.50    0.00    0.00    0.00    0.00    0.00   20.50
Average:       5   36.55    0.00    1.52    0.00    0.00    0.00    0.00    0.00   61.93
Average:       6   26.90    0.00    5.08    0.00    0.00    0.00    0.00    0.00   68.02
Average:       7   27.14    0.00    8.54    0.00    0.00    0.00    0.00    0.00   64.32
Average:       2   27.09    0.00    4.93    0.00    0.00    0.00    0.49    0.00   67.49
Average:       3   21.72    0.00    3.54    0.00    0.00    0.00    0.00    0.00   74.75
Average:       4   17.59    0.00    9.05    0.00    0.00    0.00    0.00    0.00   73.37
Average:       5   51.78    0.00   13.20    0.00    0.00    0.00    0.51    0.00   34.52
Average:       6   22.61    0.00    8.04    0.00    0.00    0.00    0.00    0.00   69.35
Average:       7   20.60    0.00    4.52    0.00    0.00    0.00    0.00    0.00   74.87
Average:       2   23.62    0.00    6.03    0.00    0.00    0.00    0.00    0.00   70.35
Average:       3   17.17    0.00    4.55    0.00    0.00    0.00    0.00    0.00   78.28
Average:       4   53.30    0.00   11.17    0.00    0.00    0.00    0.00    0.00   35.53
Average:       5   43.37    0.00    6.63    0.00    0.00    0.00    0.00    0.00   50.00
Average:       6   35.68    0.00    3.52    0.00    0.00    0.00    0.00    0.00   60.80
Average:       7   28.64    0.00    5.03    0.00    0.00    0.00    0.50    0.00   65.83
Average:       2   42.00    0.00    6.00    0.00    0.00    0.00    0.50    0.00   51.50
Average:       3   21.32    0.00    4.57    0.00    0.00    0.00    0.51    0.00   73.60
Average:       4   20.50    0.00    3.50    0.00    0.00    0.00    0.00    0.00   76.00
Average:       5   19.80    0.00    7.11    0.00    0.00    0.00    0.00    0.00   73.10
Average:       6   19.00    0.00    6.50    0.00    0.00    0.00    0.00    0.00   74.50
Average:       7   41.62    0.00    5.08    0.00    0.00    0.00    0.00    0.00   53.30
Average:       2   44.39    0.00    7.14    0.00    0.00    0.00    0.00    0.00   48.47
Average:       3   32.67    0.00    1.98    0.00    0.00    0.00    0.50    0.00   64.85
Average:       4   12.94    0.00    4.48    0.00    0.00    0.00    0.00    0.00   82.59
Average:       5   47.52    0.00    8.42    0.00    0.00    0.00    0.00    0.00   44.06
Average:       6   28.93    0.00    8.12    0.00    0.00    0.00    0.00    0.00   62.94
Average:       7   27.00    0.00    5.50    0.00    0.00    0.00    0.50    0.00   67.00
Average:       2    9.00    0.00    4.50    0.00    0.00    0.00    0.00    0.00   86.50
Average:       3   44.22    0.00    6.53    0.00    0.00    0.00    0.00    0.00   49.25
Average:       4   50.25    0.00   11.56    0.00    0.00    0.00    0.00    0.00   38.19
Average:       5   28.93    0.00    6.60    0.00    0.00    0.00    0.00    0.00   64.47
Average:       6   43.08    0.00    6.67    0.00    0.00    0.00    0.00    0.00   50.26
Average:       7   14.72    0.00    5.08    0.00    0.00    0.00    0.00    0.00   80.20
Average:       2   39.30    0.00    6.47    0.00    0.00    0.00    0.50    0.00   53.73
Average:       3   53.00    0.00    4.50    0.00    0.00    0.00    0.50    0.00   42.00
Average:       4   11.50    0.00    6.00    0.00    0.00    0.00    0.00    0.00   82.50
Average:       5   25.00    0.00    2.00    0.00    0.00    0.00    0.50    0.00   72.50
Average:       6   58.50    0.00    6.00    0.00    0.00    0.00    0.00    0.00   35.50
Average:       7   39.70    0.00    4.02    0.00    0.00    0.00    0.00    0.00   56.28
Average:       2   47.50    0.00    3.50    0.00    0.00    0.00    0.50    0.00   48.50
Average:       3   19.10    0.00    3.52    0.00    0.00    0.00    0.50    0.00   76.88
Average:       4   30.85    0.00    5.97    0.00    0.00    0.00    0.50    0.00   62.69
Average:       5   52.00    0.00    7.00    0.00    0.00    0.00    0.50    0.00   40.50
Average:       6   56.06    0.00    8.08    0.00    0.00    0.00    0.51    0.00   35.35
Average:       7   43.22    0.00    9.05    0.00    0.00    0.00    0.50    0.00   47.24
Average:       2   39.60    0.00    6.93    0.00    0.00    0.00    0.50    0.00   52.97
Average:       3   27.41    0.00    1.52    0.00    0.00    0.00    0.00    0.00   71.07
Average:       4   35.18    0.00    5.03    0.00    0.00    0.00    0.00    0.00   59.80
Average:       5   65.83    0.00    6.53    0.00    0.00    0.00    0.00    0.00   27.64
Average:       6   36.18    0.00    5.03    0.00    0.00    0.00    0.00    0.00   58.79
Average:       7   42.21    0.00    9.05    0.00    0.00    0.00    0.00    0.00   48.74
Average:       2   34.67    0.00    6.03    0.00    0.00    0.00    0.50    0.00   58.79
Average:       3   23.12    0.00    3.52    0.00    0.00    0.00    0.00    0.00   73.37
Average:       4   17.00    0.00    6.50    0.00    0.00    0.00    0.00    0.00   76.50
Average:       5   59.50    0.00    7.50    0.00    0.00    0.00    0.50    0.00   32.50
Average:       6   48.74    0.00    5.03    0.00    0.00    0.00    0.50    0.00   45.73
Average:       7   31.82    0.00    5.05    0.00    0.00    0.00    0.00    0.00   63.13
Average:       2   18.69    0.00    5.05    0.00    0.00    0.00    0.00    0.00   76.26
Average:       3   45.23    0.00    9.05    0.00    0.00    0.00    0.50    0.00   45.23
Average:       4   30.81    0.00    7.07    0.00    0.00    0.00    0.00    0.00   62.12
Average:       5   23.62    0.00    2.51    0.00    0.00    0.00    0.50    0.00   73.37
Average:       6   32.66    0.00    5.53    0.00    0.00    0.00    0.00    0.00   61.81
Average:       7   24.24    0.00    5.56    0.00    0.00    0.00    0.00    0.00   70.20
Average:       2   55.00    0.00    9.00    0.00    0.00    0.00    0.50    0.00   35.50
Average:       3   27.04    0.00    6.12    0.00    0.00    0.00    0.00    0.00   66.84
Average:       4   17.68    0.00    3.54    0.00    0.00    0.00    0.51    0.00   78.28
Average:       5   21.61    0.00    3.52    0.00    0.00    0.00    0.00    0.00   74.87
Average:       6   48.76    0.00    7.46    0.00    0.00    0.00    0.00    0.00   43.78
Average:       7   13.64    0.00    5.56    0.00    0.00    0.00    0.00    0.00   80.81
Average:       2   31.82    0.00    6.06    0.00    0.00    0.00    0.51    0.00   61.62
Average:       3   28.28    0.00    4.04    0.00    0.00    0.00    0.00    0.00   67.68
Average:       4   55.72    0.00   10.45    0.00    0.00    0.00    0.00    0.00   33.83
Average:       5   18.69    0.00    4.04    0.00    0.00    0.00    0.51    0.00   76.77
Average:       6   21.61    0.00    7.04    0.00    0.00    0.00    0.00    0.00   71.36
Average:       7   35.20    0.00    7.14    0.00    0.00    0.00    0.00    0.00   57.65
Average:       2   26.13    0.00    7.54    0.00    0.00    0.00    0.00    0.00   66.33
Average:       3   40.91    0.00    9.60    0.00    0.00    0.00    0.00    0.00   49.49
Average:       4   33.17    0.00    3.02    0.00    0.00    0.00    0.50    0.00   63.32
Average:       5   20.92    0.00    3.06    0.00    0.00    0.00    0.00    0.00   76.02
Average:       6   36.04    0.00    8.12    0.00    0.00    0.00    0.00    0.00   55.84
Average:       7   15.08    0.00    4.52    0.00    0.00    0.00    0.00    0.00   80.40
Average:       2   11.06    0.00    3.02    0.00    0.00    0.00    0.00    0.00   85.93
Average:       3   51.00    0.00   10.00    0.00    0.00    0.00    0.50    0.00   38.50
Average:       4   31.31    0.00   10.10    0.00    0.00    0.00    0.00    0.00   58.59
Average:       5   26.00    0.00    5.00    0.00    0.00    0.00    0.50    0.00   68.50
Average:       6   26.90    0.00    4.06    0.00    0.00    0.00    0.00    0.00   69.04
Average:       7   32.00    0.00    5.50    0.00    0.00    0.00    0.50    0.00   62.00
Average:       2   28.64    0.00    4.52    0.00    0.00    0.00    0.00    0.00   66.83
Average:       3   42.13    0.00    5.58    0.00    0.00    0.00    0.00    0.00   52.28
Average:       4   55.00    0.00    7.50    0.00    0.00    0.00    0.50    0.00   37.00
Average:       5   26.37    0.00    2.99    0.00    0.00    0.00    0.50    0.00   70.15
Average:       6   20.10    0.00    4.52    0.00    0.00    0.00    0.00    0.00   75.38
Average:       7   18.32    0.00    4.46    0.00    0.00    0.00    0.00    0.00   77.23
Average:       2   34.17    0.00    2.51    0.00    0.00    0.00    0.00    0.00   63.32
Average:       3   30.30    0.00    5.05    0.00    0.00    0.00    0.00    0.00   64.65
Average:       4   26.53    0.00    5.61    0.00    0.00    0.00    0.51    0.00   67.35
Average:       5   35.68    0.00    5.53    0.00    0.00    0.00    0.00    0.00   58.79
Average:       6   33.84    0.00    2.53    0.00    0.00    0.00    0.51    0.00   63.13
Average:       7   40.40    0.00   12.63    0.00    0.00    0.00    0.00    0.00   46.97
Average:       2   14.14    0.00    3.03    0.00    0.00    0.00    0.00    0.00   82.83
Average:       3   34.18    0.00    8.16    0.00    0.00    0.00    0.00    0.00   57.65
Average:       4   26.26    0.00    6.57    0.00    0.00    0.00    0.00    0.00   67.17
Average:       5   46.50    0.00    8.50    0.00    0.00    0.00    0.50    0.00   44.50
Average:       6   23.47    0.00    6.12    0.00    0.00    0.00    0.00    0.00   70.41
Average:       7   45.45    0.00    6.57    0.00    0.00    0.00    0.00    0.00   47.98
Average:       2   15.00    0.00    2.50    0.00    0.00    0.00    0.50    0.00   82.00
Average:       3   36.87    0.00    6.06    0.00    0.00    0.00    0.00    0.00   57.07
Average:       4   31.50    0.00    3.00    0.00    0.00    0.00    0.50    0.00   65.00
Average:       5   63.96    0.00   10.15    0.00    0.00    0.00    0.00    0.00   25.89
Average:       6   50.00    0.00    6.57    0.00    0.00    0.00    0.51    0.00   42.93
Average:       7    7.58    0.00    3.54    0.00    0.00    0.00    0.00    0.00   88.89
Average:       2   36.36    0.00    8.59    0.00    0.00    0.00    0.00    0.00   55.05
Average:       3   29.95    0.00    3.55    0.00    0.00    0.00    0.51    0.00   65.99
Average:       4   44.50    0.00    5.00    0.00    0.00    0.00    0.00    0.00   50.50
Average:       5   23.38    0.00    8.46    0.00    0.00    0.00    0.00    0.00   68.16
Average:       6   57.21    0.00    6.97    0.00    0.00    0.00    0.50    0.00   35.32
Average:       7   32.32    0.00    8.08    0.00    0.00    0.00    0.00    0.00   59.60
Average:       2   31.00    0.00    5.00    0.00    0.00    0.00    0.00    0.00   64.00
Average:       3   24.37    0.00    4.57    0.00    0.00    0.00    0.00    0.00   71.07
Average:       4   55.50    0.00   12.50    0.00    0.00    0.00    0.50    0.00   31.50
Average:       5   20.60    0.00    3.02    0.00    0.00    0.00    0.00    0.00   76.38
Average:       6   52.00    0.00    6.50    0.00    0.00    0.00    0.00    0.00   41.50
Average:       7   17.77    0.00    3.05    0.00    0.00    0.00    0.00    0.00   79.19
Average:       2   35.03    0.00    5.08    0.00    0.00    0.00    0.00    0.00   59.90
Average:       3   20.30    0.00    5.08    0.00    0.00    0.00    0.00    0.00   74.62
Average:       4   20.60    0.00    9.05    0.00    0.00    0.00    0.00    0.00   70.35
Average:       5   50.00    0.00    7.50    0.00    0.00    0.00    0.50    0.00   42.00
Average:       6   18.00    0.00    4.00    0.00    0.00    0.00    0.50    0.00   77.50
Average:       7   38.58    0.00    5.58    0.00    0.00    0.00    0.00    0.00   55.84
Average:       2   24.75    0.00    1.01    0.00    0.00    0.00    0.00    0.00   74.24
Average:       3   41.09    0.00    6.93    0.00    0.00    0.00    0.50    0.00   51.49
Average:       4   26.90    0.00    4.57    0.00    0.00    0.00    0.00    0.00   68.53
Average:       5   32.16    0.00    6.53    0.00    0.00    0.00    0.00    0.00   61.31
Average:       6   32.31    0.00    3.59    0.00    0.00    0.00    0.00    0.00   64.10
Average:       7   19.80    0.00    5.58    0.00    0.00    0.00    0.00    0.00   74.62
Average:       2   25.63    0.00    8.54    0.00    0.00    0.00    0.00    0.00   65.83
Average:       3   28.28    0.00    4.55    0.00    0.00    0.00    0.51    0.00   66.67
Average:       4   28.14    0.00    3.52    0.00    0.00    0.00    0.00    0.00   68.34
Average:       5   38.69    0.00    3.52    0.00    0.00    0.00    0.00    0.00   57.79
Average:       6   30.00    0.00    7.00    0.00    0.00    0.00    0.00    0.00   63.00
Average:       7   51.26    0.00    7.54    0.00    0.00    0.00    0.00    0.00   41.21
Average:       2   26.63    0.00    4.52    0.00    0.00    0.00    0.50    0.00   68.34
Average:       3   22.11    0.00    4.52    0.00    0.00    0.00    0.00    0.00   73.37
Average:       4   18.59    0.00    2.01    0.00    0.00    0.00    0.00    0.00   79.40
Average:       5   57.50    0.00    9.00    0.00    0.00    0.00    0.50    0.00   33.00
Average:       6   29.29    0.00    2.53    0.00    0.00    0.00    0.00    0.00   68.18
Average:       7   31.63    0.00    3.57    0.00    0.00    0.00    0.51    0.00   64.29
Average:       2   45.27    0.00    3.48    0.00    0.00    0.00    0.50    0.00   50.75
Average:       3   47.24    0.00    8.04    0.00    0.00    0.00    0.00    0.00   44.72
Average:       4   24.75    0.00    1.52    0.00    0.00    0.00    0.51    0.00   73.23
Average:       5   18.18    0.00    3.03    0.00    0.00    0.00    0.00    0.00   78.79
Average:       6   42.93    0.00    7.58    0.00    0.00    0.00    0.00    0.00   49.49
Average:       7    2.01    0.00    2.01    0.00    0.00    0.00    0.00    0.00   95.98
Average:       2   53.81    0.00    7.11    0.51    0.00    0.00    0.00    0.00   38.58
Average:       3   38.89    0.00    4.55    0.00    0.00    0.00    0.00    0.00   56.57
Average:       4   38.07    0.00    8.63    0.00    0.00    0.00    0.00    0.00   53.30
Average:       5   19.60    0.00    5.53    0.00    0.00    0.00    0.00    0.00   74.87
Average:       6   26.26    0.00    7.07    0.00    0.00    0.00    0.00    0.00   66.67
Average:       7   17.59    0.00    4.02    0.00    0.00    0.00    0.00    0.00   78.39
Average:       2   37.88    0.00    4.55    0.00    0.00    0.00    0.00    0.00   57.58
Average:       3   47.45    0.00    9.69    0.00    0.00    0.00    0.00    0.00   42.86
Average:       4   14.21    0.00    3.05    0.00    0.00    0.00    0.00    0.00   82.74
Average:       5    6.57    0.00    2.53    0.00    0.00    0.00    0.00    0.00   90.91
Average:       6   32.83    0.00    7.07    0.00    0.00    0.00    0.00    0.00   60.10
Average:       7   27.41    0.00    6.60    0.00    0.00    0.00    0.51    0.00   65.48
Average:       2   62.00    0.00    6.00    0.00    0.00    0.00    0.00    0.00   32.00
Average:       3   88.38    0.00   10.61    0.00    0.00    0.00    0.51    0.00    0.51
Average:       4   50.25    0.00    4.52    0.00    0.00    0.00    0.00    0.00   45.23
Average:       5   12.94    0.00    2.49    0.00    0.00    0.00    0.50    0.00   84.08
Average:       6   19.19    0.00    4.04    0.00    0.00    0.00    0.00    0.00   76.77
Average:       7   89.34    0.00    5.08    0.00    0.00    0.00    0.00    0.00    5.58
Average:       2   49.75    0.00    5.03    0.00    0.00    0.00    0.00    0.00   45.23
Average:       3   42.64    0.00    9.64    0.00    0.00    0.00    0.00    0.00   47.72
Average:       4   35.68    0.00    3.52    0.00    0.00    0.00    0.00    0.00   60.80
Average:       5   12.12    0.00    3.54    0.00    0.00    0.00    0.00    0.00   84.34
Average:       6   29.00    0.00    5.00    0.00    0.00    0.00    0.50    0.00   65.50
Average:       7   29.80    0.00    7.58    0.00    0.00    0.00    0.51    0.00   62.12
Average:       2   50.51    0.00    5.56    0.00    0.00    0.00    0.51    0.00   43.43
Average:       3   14.50    0.00    7.50    0.00    0.00    0.00    0.00    0.00   78.00
Average:       4   34.52    0.00    5.08    0.00    0.00    0.00    0.00    0.00   60.41
Average:       5   28.43    0.00    6.09    0.00    0.00    0.00    0.51    0.00   64.97
Average:       6   46.70    0.00    3.55    0.00    0.00    0.00    0.00    0.00   49.75
Average:       7   28.43    0.00    7.11    0.00    0.00    0.00    0.00    0.00   64.47
Average:       2   19.00    0.00    6.50    0.00    0.00    0.00    0.50    0.00   74.00
Average:       3   22.61    0.00    6.53    0.00    0.00    0.00    0.50    0.00   70.35
Average:       4   28.28    0.00    4.04    0.00    0.00    0.00    0.00    0.00   67.68
Average:       5   44.44    0.00    5.05    0.00    0.00    0.00    0.00    0.00   50.51
Average:       6   37.19    0.00    3.02    0.00    0.00    0.00    0.50    0.00   59.30
Average:       7   49.25    0.00    8.54    0.00    0.00    0.00    0.00    0.00   42.21
Average:       2   23.62    0.00    4.02    0.00    0.00    0.00    0.00    0.00   72.36
Average:       3   19.70    0.00    6.06    0.00    0.00    0.00    0.00    0.00   74.24
Average:       4   40.61    0.00    9.64    0.00    0.00    0.00    0.00    0.00   49.75
Average:       5    9.60    0.00    6.57    0.00    0.00    0.00    0.00    0.00   83.84
Average:       6   49.75    0.00    5.03    0.00    0.00    0.00    0.00    0.00   45.23
Average:       7   25.00    0.00    5.50    0.00    0.00    0.00    0.00    0.00   69.50
Average:       2   30.65    0.00    4.52    0.00    0.00    0.00    0.00    0.00   64.82
Average:       3   30.00    0.00    8.50    0.00    0.00    0.00    0.50    0.00   61.00
Average:       4   51.26    0.00    6.03    0.00    0.00    0.00    0.00    0.00   42.71
Average:       5   15.90    0.00    3.08    0.00    0.00    0.00    0.00    0.00   81.03
Average:       6   22.34    0.00    4.06    0.51    0.00    0.00    0.51    0.00   72.59
Average:       7   10.20    0.00    4.59    0.00    0.00    0.00    0.00    0.00   85.20
Average:       2   30.81    0.00    4.04    0.00    0.00    0.00    0.00    0.00   65.15
Average:       3   33.67    0.00    6.53    0.00    0.00    0.00    0.50    0.00   59.30
Average:       4   62.24    0.00    7.65    0.00    0.00    0.00    0.00    0.00   30.10
Average:       5   17.41    0.00    4.48    0.00    0.00    0.00    0.00    0.00   78.11
Average:       6   22.11    0.00    5.53    0.00    0.00    0.00    0.50    0.00   71.86
Average:       7   29.29    0.00    9.09    0.00    0.00    0.00    0.00    0.00   61.62
Average:       2   39.59    0.00    5.58    0.00    0.00    0.00    0.51    0.00   54.31
Average:       3   23.74    0.00    6.06    0.00    0.00    0.00    0.51    0.00   69.70
Average:       4   38.58    0.00    4.06    0.00    0.00    0.00    0.00    0.00   57.36
Average:       5   15.15    0.00    3.03    0.00    0.00    0.00    0.00    0.00   81.82
Average:       6   33.84    0.00    8.08    0.00    0.00    0.00    0.51    0.00   57.58
Average:       7   31.31    0.00    6.06    0.00    0.00    0.00    0.00    0.00   62.63
Average:       2   21.11    0.00    5.53    0.00    0.00    0.00    0.00    0.00   73.37
Average:       3   43.00    0.00    9.00    0.00    0.00    0.00    0.50    0.00   47.50
Average:       4   40.91    0.00    4.04    0.00    0.00    0.00    0.51    0.00   54.55
Average:       5   30.69    0.00    3.96    0.00    0.00    0.00    0.50    0.00   64.85
Average:       6   11.68    0.00    2.54    0.00    0.00    0.00    0.00    0.00   85.79
Average:       7   29.80    0.00    7.07    0.00    0.00    0.00    0.00    0.00   63.13
Average:       2   41.79    0.00    5.97    0.00    0.00    0.00    0.00    0.00   52.24
Average:       3   37.62    0.00    7.92    0.00    0.00    0.00    0.50    0.00   53.96
Average:       4   15.66    0.00    4.55    0.00    0.00    0.00    0.00    0.00   79.80
Average:       5   13.20    0.00    4.06    0.00    0.00    0.00    0.00    0.00   82.74
Average:       6   46.50    0.00   11.00    0.00    0.00    0.00    0.50    0.00   42.00
Average:       7   24.49    0.00    5.61    0.00    0.00    0.00    0.00    0.00   69.90
