Average:       2    0.00    0.00    0.00    0.00    0.00    0.00    0.00    0.00    0.00  100.00
Average:       3    0.00    0.00    0.00    0.00    0.00    0.00    0.00    0.00    0.00  100.00
Average:       4    0.00    0.00    0.00    0.00    0.00    0.00    0.00    0.00    0.00  100.00
Average:       5    0.00    0.00    0.00    0.00    0.00    0.00    0.00    0.00    0.00  100.00
Average:       6    0.00    0.00    0.00    0.00    0.00    0.00    0.00    0.00    0.00  100.00
Average:       7    0.00    0.00    0.00    0.00    0.00    0.00    0.00    0.00    0.00  100.00
Average:       2   99.00    0.00    0.50    0.00    0.00    0.00    0.00    0.00    0.00    0.50
Average:       3   99.00    0.00    0.50    0.00    0.00    0.00    0.00    0.00    0.00    0.50
Average:       4   80.51    0.00    5.64    0.00    0.00    0.00    0.00    0.00    0.00   13.85
Average:       5    0.00    0.00    0.50    1.49    0.00    0.00    0.00    0.00    0.00   98.01
Average:       6    0.00    0.00    0.00    0.00    0.00    0.00    0.00    0.00    0.00  100.00
Average:       7    0.00    0.00    0.00    0.00    0.00    0.00    0.00    0.00    0.00  100.00
Average:       2    0.00    0.00    0.00    0.00    0.00    0.00    0.00    0.00    0.00  100.00
Average:       3    0.00    0.00    0.00    0.00    0.00    0.00    0.00    0.00    0.00  100.00
Average:       4    0.00    0.00    0.00    0.00    0.00    0.00    0.00    0.00    0.00  100.00
Average:       5    0.00    0.00    0.00    0.00    0.00    0.00    0.00    0.00    0.00  100.00
Average:       6    0.00    0.00    0.00    0.00    0.00    0.00    0.00    0.00    0.00  100.00
Average:       7    0.00    0.00    0.00    0.00    0.00    0.00    0.00    0.00    0.00  100.00
Average:       2   48.53    0.00    0.49    0.00    0.00    0.00    0.00    0.00    0.00   50.98
Average:       3   76.80    0.00    0.52    0.00    0.00    0.00    0.00    0.00    0.00   22.68
Average:       4   60.00    0.00    0.98    0.00    0.00    0.00    0.00    0.00    0.00   39.02
Average:       5   91.88    0.00    0.51    0.00    0.00    0.00    0.00    0.00    0.00    7.61
Average:       6   14.50    0.00    0.00    0.00    0.00    0.00    0.00    0.00    0.00   85.50
Average:       7   19.10    0.00    0.00    0.00    0.00    0.00    0.00    0.00    0.00   80.90
Average:       2   22.63    0.00    1.58    0.00    0.00    0.00    0.00    0.00    0.00   75.79
Average:       3   28.06    0.00    0.51    0.00    0.00    0.00    0.00    0.00    0.00   71.43
Average:       4   32.12    0.00    0.00    0.00    0.00    0.00    0.00    0.00    0.00   67.88
Average:       5   64.65    0.00    0.51    0.00    0.00    0.00    0.51    0.00    0.00   34.34
Average:       6   40.91    0.00    0.51    0.00    0.00    0.00    0.00    0.00    0.00   58.59
Average:       7   64.25    0.00    0.00    0.00    0.00    0.00    0.00    0.00    0.00   35.75
Average:       2    0.00    0.00    0.00    0.00    0.00    0.00    0.00    0.00    0.00  100.00
Average:       3    0.00    0.00    0.00    0.00    0.00    0.00    0.00    0.00    0.00  100.00
Average:       4    0.00    0.00    0.00    0.00    0.00    0.00    0.00    0.00    0.00  100.00
Average:       5    0.00    0.00    0.00    0.00    0.00    0.00    0.00    0.00    0.00  100.00
Average:       6    0.00    0.00    0.00    0.00    0.00    0.00    0.00    0.00    0.00  100.00
Average:       7    0.00    0.00    0.00    0.00    0.00    0.00    0.00    0.00    0.00  100.00
Average:       2    0.00    0.00    0.00    0.00    0.00    0.00    0.00    0.00    0.00  100.00
Average:       3   98.99    0.00    1.01    0.00    0.00    0.00    0.00    0.00    0.00    0.00
Average:       4    0.00    0.00    0.00    0.00    0.00    0.00    0.00    0.00    0.00  100.00
Average:       5    0.00    0.00    0.00    0.00    0.00    0.00    0.00    0.00    0.00  100.00
Average:       6    0.00    0.00    0.00    0.00    0.00    0.00    0.00    0.00    0.00  100.00
Average:       7    0.00    0.00    0.00    0.00    0.00    0.00    0.00    0.00    0.00  100.00
Average:       2    0.00    0.00    0.00    0.00    0.00    0.00    0.00    0.00    0.00  100.00
Average:       3    0.00    0.00    0.00    0.00    0.00    0.00    0.00    0.00    0.00  100.00
Average:       4    2.51    0.00    0.50    0.00    0.00    0.00    0.00    0.00    0.00   96.98
Average:       5    0.00    0.00    0.00    0.00    0.00    0.00    0.00    0.00    0.00  100.00
Average:       6    0.00    0.00    0.00    0.00    0.00    0.00    0.00    0.00    0.00  100.00
Average:       7    0.00    0.00    0.00    0.00    0.00    0.00    0.00    0.00    0.00  100.00
Average:       2    2.50    0.00    4.50    0.00    0.00    0.00    0.00    0.00    0.00   93.00
Average:       3    0.00    0.00    0.00    0.00    0.00    0.00    0.00    0.00    0.00  100.00
Average:       4   91.09    0.00    0.99    0.00    0.00    0.00    0.00    0.00    0.00    7.92
Average:       5   91.00    0.00    1.00    0.00    0.00    0.00    0.00    0.00    0.00    8.00
Average:       6   91.04    0.00    0.50    0.00    0.00    0.00    0.00    0.00    0.00    8.46
Average:       7   91.46    0.00    0.50    0.00    0.00    0.00    0.00    0.00    0.00    8.04
Average:       2   23.12    0.00    1.51    0.00    0.00    0.00    0.00    0.00    0.00   75.38
Average:       3   47.00    0.00    0.50    0.00    0.00    0.00    0.00    0.00    0.00   52.50
Average:       4   23.88    0.00    1.00    0.00    0.00    0.00    0.00    0.00    0.00   75.12
Average:       5   60.30    0.00    1.01    0.00    0.00    0.00    0.00    0.00    0.00   38.69
Average:       6   46.73    0.00    1.01    0.00    0.00    0.00    0.00    0.00    0.00   52.26
Average:       7   35.68    0.00    0.50    0.00    0.00    0.00    0.00    0.00    0.00   63.82
Average:       2   30.61    0.00    0.00    0.00    0.00    0.00    0.00    0.00    0.00   69.39
Average:       3   11.62    0.00    0.00    0.00    0.00    0.00    0.00    0.00    0.00   88.38
Average:       4   23.83    0.00    0.00    0.00    0.00    0.00    0.00    0.00    0.00   76.17
Average:       5   35.71    0.00    0.00    0.00    0.00    0.00    0.00    0.00    0.00   64.29
Average:       6   44.44    0.00    0.51    0.00    0.00    0.00    0.00    0.00    0.00   55.05
Average:       7   54.82    0.00    0.00    0.00    0.00    0.00    0.00    0.00    0.00   45.18
Average:       2    0.00    0.00    0.00    0.00    0.00    0.00    0.00    0.00    0.00  100.00
Average:       3    4.48    0.00    0.00    0.00    0.00    0.00    0.00    0.00    0.00   95.52
Average:       4    5.00    0.00    0.00    0.00    0.00    0.00    0.00    0.00    0.00   95.00
Average:       5   13.07    0.00    0.50    0.00    0.00    0.00    0.00    0.00    0.00   86.43
Average:       6   22.50    0.00    0.00    0.00    0.00    0.00    0.00    0.00    0.00   77.50
Average:       7   22.11    0.00    0.00    0.00    0.00    0.00    0.00    0.00    0.00   77.89
Average:       2    0.00    0.00    0.00    0.00    0.00    0.00    0.00    0.00    0.00  100.00
Average:       3   98.99    0.00    1.01    0.00    0.00    0.00    0.00    0.00    0.00    0.00
Average:       4    0.00    0.00    0.00    0.00    0.00    0.00    0.00    0.00    0.00  100.00
Average:       5    0.00    0.00    0.00    0.00    0.00    0.00    0.00    0.00    0.00  100.00
Average:       6    0.00    0.00    0.00    0.00    0.00    0.00    0.00    0.00    0.00  100.00
Average:       7    0.00    0.00    0.00    0.00    0.00    0.00    0.00    0.00    0.00  100.00
Average:       2    0.00    0.00    0.00    0.00    0.00    0.00    0.00    0.00    0.00  100.00
Average:       3    0.00    0.00    0.00    0.00    0.00    0.00    0.00    0.00    0.00  100.00
Average:       4    0.00    0.00    0.00    0.00    0.00    0.00    0.00    0.00    0.00  100.00
Average:       5   95.98    0.00    4.02    0.00    0.00    0.00    0.00    0.00    0.00    0.00
Average:       6    0.00    0.00    0.00    0.00    0.00    0.00    0.00    0.00    0.00  100.00
Average:       7    0.00    0.00    0.00    0.00    0.00    0.00    0.00    0.00    0.00  100.00
Average:       2   99.50    0.00    0.50    0.00    0.00    0.00    0.00    0.00    0.00    0.00
Average:       3   99.50    0.00    0.50    0.00    0.00    0.00    0.00    0.00    0.00    0.00
Average:       4    0.00    0.00    0.50    1.00    0.00    0.00    0.00    0.00    0.00   98.50
Average:       5    0.00    0.00    0.00    0.00    0.00    0.00    0.00    0.00    0.00  100.00
Average:       6   79.49    0.00    6.15    0.00    0.00    0.00    0.00    0.00    0.00   14.36
Average:       7    0.00    0.00    0.00    0.00    0.00    0.00    0.00    0.00    0.00  100.00
Average:       2    0.00    0.00    0.00    0.00    0.00    0.00    0.00    0.00    0.00  100.00
Average:       3    0.00    0.00    0.00    0.00    0.00    0.00    0.00    0.00    0.00  100.00
Average:       4    0.00    0.00    0.00    0.00    0.00    0.00    0.00    0.00    0.00  100.00
Average:       5    0.00    0.00    0.00    0.00    0.00    0.00    0.00    0.00    0.00  100.00
Average:       6    0.00    0.00    0.00    0.00    0.00    0.00    0.00    0.00    0.00  100.00
Average:       7    0.00    0.00    0.00    0.00    0.00    0.00    0.00    0.00    0.00  100.00
Average:       2    0.00    0.00    0.00    0.00    0.00    0.00    0.00    0.00    0.00  100.00
Average:       3   44.62    0.00    0.00    0.00    0.00    0.00    0.00    0.00    0.00   55.38
Average:       4   69.86    0.00    0.48    0.00    0.00    0.00    0.00    0.00    0.00   29.67
Average:       5   73.54    0.00    0.00    0.00    0.00    0.00    0.00    0.00    0.00   26.46
Average:       6   84.42    0.00    0.50    0.00    0.00    0.00    0.00    0.00    0.00   15.08
Average:       7   48.21    0.00    0.51    0.00    0.00    0.00    0.00    0.00    0.00   51.28
Average:       2   52.05    0.00    0.00    0.00    0.00    0.00    0.46    0.00    0.00   47.49
Average:       3   53.22    0.00    0.43    0.00    0.00    0.00    0.00    0.00    0.00   46.35
Average:       4   77.83    0.00    0.00    0.00    0.00    0.00    0.00    0.00    0.00   22.17
Average:       5   77.99    0.00    0.00    0.00    0.00    0.00    0.00    0.00    0.00   22.01
Average:       6   23.30    0.00    0.00    0.00    0.00    0.00    0.00    0.00    0.00   76.70
Average:       7   31.31    0.00    0.00    0.00    0.00    0.00    0.00    0.00    0.00   68.69
Average:       2    0.00    0.00    0.00    0.00    0.00    0.00    0.00    0.00    0.00  100.00
Average:       3    0.00    0.00    0.00    0.00    0.00    0.00    0.00    0.00    0.00  100.00
Average:       4    0.00    0.00    0.00    0.00    0.00    0.00    0.00    0.00    0.00  100.00
Average:       5    0.00    0.00    0.00    0.00    0.00    0.00    0.00    0.00    0.00  100.00
Average:       6   99.50    0.00    0.50    0.00    0.00    0.00    0.00    0.00    0.00    0.00
Average:       7    0.00    0.00    0.00    0.00    0.00    0.00    0.00    0.00    0.00  100.00
Average:       2    0.00    0.00    0.00    0.00    0.00    0.00    0.00    0.00    0.00  100.00
Average:       3    0.00    0.00    0.00    0.00    0.00    0.00    0.00    0.00    0.00  100.00
Average:       4    0.00    0.00    0.00    0.00    0.00    0.00    0.00    0.00    0.00  100.00
Average:       5    0.00    0.00    0.00    0.00    0.00    0.00    0.00    0.00    0.00  100.00
Average:       6   99.00    0.00    1.00    0.00    0.00    0.00    0.00    0.00    0.00    0.00
Average:       7    0.00    0.00    0.00    0.00    0.00    0.00    0.00    0.00    0.00  100.00
Average:       2    0.00    0.00    0.00    0.00    0.00    0.00    0.00    0.00    0.00  100.00
Average:       3    0.00    0.00    0.00    0.00    0.00    0.00    0.00    0.00    0.00  100.00
Average:       4    1.00    0.00    0.00    0.00    0.00    0.00    0.00    0.00    0.00   99.00
Average:       5   94.03    0.00    4.98    0.00    0.00    0.00    0.00    0.00    0.00    1.00
Average:       6    0.00    0.00    0.00    0.00    0.00    0.00    0.00    0.00    0.00  100.00
Average:       7    0.00    0.00    0.00    0.00    0.00    0.00    0.00    0.00    0.00  100.00
Average:       2   72.50    0.00    0.00    0.00    0.00    0.00    0.00    0.00    0.00   27.50
Average:       3   72.00    0.00    0.50    0.00    0.00    0.00    0.00    0.00    0.00   27.50
Average:       4    0.00    0.00    0.00    0.00    0.00    0.00    0.00    0.00    0.00  100.00
Average:       5   58.03    0.00    2.59    0.00    0.00    0.00    0.00    0.00    0.00   39.38
Average:       6    9.50    0.00   17.50    1.00    0.00    0.00    0.00    0.00    0.00   72.00
Average:       7    0.00    0.00    0.00    0.00    0.00    0.00    0.00    0.00    0.00  100.00
Average:       2   45.96    0.00    0.00    0.00    0.00    0.00    0.00    0.00    0.00   54.04
Average:       3   73.13    0.00    1.00    0.00    0.00    0.00    0.00    0.00    0.00   25.87
Average:       4   49.50    0.00    1.50    0.00    0.00    0.00    0.00    0.00    0.00   49.00
Average:       5   23.00    0.00    0.00    0.00    0.00    0.00    0.00    0.00    0.00   77.00
Average:       6   28.36    0.00    0.50    0.00    0.00    0.00    0.00    0.00    0.00   71.14
Average:       7   34.50    0.00    0.50    0.00    0.00    0.00    0.00    0.00    0.00   65.00
Average:       2   23.00    0.00    0.00    0.00    0.00    0.00    0.00    0.00    0.00   77.00
Average:       3   38.38    0.00    0.00    0.00    0.00    0.00    0.00    0.00    0.00   61.62
Average:       4   38.07    0.00    0.00    0.00    0.00    0.00    0.00    0.00    0.00   61.93
Average:       5   47.76    0.00    0.50    0.00    0.00    0.00    0.50    0.00    0.00   51.24
Average:       6   54.77    0.00    0.50    0.00    0.00    0.00    0.00    0.00    0.00   44.72
Average:       7   49.74    0.00    0.00    0.00    0.00    0.00    0.00    0.00    0.00   50.26
Average:       2   56.78    0.00    0.00    0.00    0.00    0.00    0.00    0.00    0.00   43.22
Average:       3   79.08    0.00    0.00    0.00    0.00    0.00    0.51    0.00    0.00   20.41
Average:       4   59.69    0.00    0.00    0.00    0.00    0.00    0.00    0.00    0.00   40.31
Average:       5   32.81    0.00    0.00    0.00    0.00    0.00    0.00    0.00    0.00   67.19
Average:       6    9.69    0.00    0.00    0.00    0.00    0.00    0.00    0.00    0.00   90.31
Average:       7   14.14    0.00    0.00    0.00    0.00    0.00    0.00    0.00    0.00   85.86
Average:       2    0.00    0.00    0.00    0.00    0.00    0.00    0.00    0.00    0.00  100.00
Average:       3    0.00    0.00    0.00    0.00    0.00    0.00    0.00    0.00    0.00  100.00
Average:       4    5.97    0.00    0.50    0.00    0.00    0.00    0.00    0.00    0.00   93.53
Average:       5    0.00    0.00    0.00    0.00    0.00    0.00    0.00    0.00    0.00  100.00
Average:       6    0.00    0.00    0.00    0.00    0.00    0.00    0.00    0.00    0.00  100.00
Average:       7   84.42    0.00    9.55    0.00    0.00    0.00    0.00    0.00    0.00    6.03
Average:       2    0.00    0.00    0.00    0.00    0.00    0.00    0.00    0.00    0.00  100.00
Average:       3    0.00    0.00    0.00    0.00    0.00    0.00    0.00    0.00    0.00  100.00
Average:       4    0.00    0.00    2.00    0.00    0.00    0.00    0.00    0.00    0.00   98.00
Average:       5   46.23    0.00    2.01    0.00    0.00    0.00    0.00    0.00    0.00   51.76
Average:       6    0.00    0.00    0.00    0.00    0.00    0.00    0.00    0.00    0.00  100.00
Average:       7   34.00    0.00    5.50    0.00    0.00    0.00    0.00    0.00    0.00   60.50
Average:       2   71.65    0.00    3.09    0.00    0.00    0.00    0.00    0.00    0.00   25.26
Average:       3   86.22    0.00    3.06    0.00    0.00    0.00    0.00    0.00    0.00   10.71
Average:       4   33.51    0.00    0.52    0.00    0.00    0.00    0.00    0.00    0.00   65.98
Average:       5    0.51    0.00    0.00    0.00    0.00    0.00    0.00    0.00    0.00   99.49
Average:       6    1.01    0.00    0.00    0.00    0.00    0.00    0.00    0.00    0.00   98.99
Average:       7    0.51    0.00    0.51    0.00    0.00    0.00    0.00    0.00    0.00   98.97
Average:       2    0.00    0.00    0.00    0.00    0.00    0.00    0.00    0.00    0.00  100.00
Average:       3    0.00    0.00    0.00    0.00    0.00    0.00    0.00    0.00    0.00  100.00
Average:       4    0.00    0.00    0.00    0.00    0.00    0.00    0.00    0.00    0.00  100.00
Average:       5    0.00    0.00    0.00    0.00    0.00    0.00    0.00    0.00    0.00  100.00
Average:       6   94.03    0.00    5.47    0.00    0.00    0.00    0.00    0.00    0.00    0.50
Average:       7    0.00    0.00    0.00    0.00    0.00    0.00    0.00    0.00    0.00  100.00
Average:       2   99.50    0.00    0.50    0.00    0.00    0.00    0.00    0.00    0.00    0.00
Average:       3   99.00    0.00    0.50    0.00    0.00    0.00    0.00    0.00    0.00    0.50
Average:       4    0.00    0.00    0.00    0.00    0.00    0.00    0.00    0.00    0.00  100.00
Average:       5    0.00    0.00    0.00    0.00    0.00    0.00    0.00    0.00    0.00  100.00
Average:       6   83.16    0.00    4.59    0.00    0.00    0.00    0.00    0.00    0.00   12.24
Average:       7    0.00    0.00    0.00    0.00    0.00    0.00    0.00    0.00    0.00  100.00
Average:       2   27.00    0.00    1.50    1.00    0.00    0.00    0.00    0.00    0.00   70.50
Average:       3   18.09    0.00    0.50    0.00    0.00    0.00    0.00    0.00    0.00   81.41
Average:       4    3.02    0.00    0.50    1.51    0.00    0.00    0.00    0.00    0.00   94.97
Average:       5    0.00    0.00    0.00    0.00    0.00    0.00    0.00    0.00    0.00  100.00
Average:       6   31.50    0.00   16.50    0.00    0.00    0.00    0.00    0.00    0.00   52.00
Average:       7   50.00    0.00    0.51    0.00    0.00    0.00    0.00    0.00    0.00   49.49
Average:       2   36.87    0.00    0.00    0.00    0.00    0.00    0.00    0.00    0.00   63.13
Average:       3   25.13    0.00    0.51    0.00    0.00    0.00    0.00    0.00    0.00   74.36
Average:       4   62.94    0.00    0.00    0.00    0.00    0.00    0.00    0.00    0.00   37.06
Average:       5   38.27    0.00    0.00    0.00    0.00    0.00    0.00    0.00    0.00   61.73
Average:       6   21.94    0.00    0.51    0.00    0.00    0.00    0.00    0.00    0.00   77.55
Average:       7   41.03    0.00    0.51    0.00    0.00    0.00    0.00    0.00    0.00   58.46
Average:       2    0.00    0.00    0.00    0.00    0.00    0.00    0.00    0.00    0.00  100.00
Average:       3    0.00    0.00    0.00    0.00    0.00    0.00    0.00    0.00    0.00  100.00
Average:       4    0.00    0.00    0.50    0.00    0.00    0.00    0.00    0.00    0.00   99.50
Average:       5    0.00    0.00    0.00    0.00    0.00    0.00    0.00    0.00    0.00  100.00
Average:       6   98.51    0.00    1.49    0.00    0.00    0.00    0.00    0.00    0.00    0.00
Average:       7    0.00    0.00    0.00    0.00    0.00    0.00    0.00    0.00    0.00  100.00
Average:       2    0.00    0.00    0.00    0.00    0.00    0.00    0.00    0.00    0.00  100.00
Average:       3    0.00    0.00    0.00    0.00    0.00    0.00    0.00    0.00    0.00  100.00
Average:       4    0.00    0.00    0.00    0.00    0.00    0.00    0.00    0.00    0.00  100.00
Average:       5    0.00    0.00    0.00    0.00    0.00    0.00    0.00    0.00    0.00  100.00
Average:       6   97.99    0.00    2.01    0.00    0.00    0.00    0.00    0.00    0.00    0.00
Average:       7    0.00    0.00    0.00    0.00    0.00    0.00    0.00    0.00    0.00  100.00
Average:       2   90.00    0.00    1.00    0.00    0.00    0.00    0.00    0.00    0.00    9.00
Average:       3   91.00    0.00    0.00    0.00    0.00    0.00    0.00    0.00    0.00    9.00
Average:       4    2.99    0.00    0.50    0.00    0.00    0.00    0.00    0.00    0.00   96.52
Average:       5   95.48    0.00    0.50    0.00    0.00    0.00    0.00    0.00    0.00    4.02
Average:       6    0.00    0.00    0.00    0.00    0.00    0.00    0.00    0.00    0.00  100.00
Average:       7   73.20    0.00    6.19    0.00    0.00    0.00    0.52    0.00    0.00   20.10
Average:       2    0.00    0.00    0.00    0.00    0.00    0.00    0.00    0.00    0.00  100.00
Average:       3    0.00    0.00    0.00    0.00    0.00    0.00    0.00    0.00    0.00  100.00
Average:       4    0.00    0.00    0.00    0.00    0.00    0.00    0.00    0.00    0.00  100.00
Average:       5    0.00    0.00    0.00    0.00    0.00    0.00    0.00    0.00    0.00  100.00
Average:       6   30.85    0.00   45.27    0.00    0.00    0.00    0.00    0.00    0.00   23.88
Average:       7    0.00    0.00    0.00    0.00    0.00    0.00    0.00    0.00    0.00  100.00
Average:       2   21.32    0.00    1.02    0.00    0.00    0.00    0.00    0.00    0.00   77.66
Average:       3   20.31    0.00    0.52    0.00    0.00    0.00    0.00    0.00    0.00   79.17
Average:       4   32.82    0.00    1.03    0.00    0.00    0.00    0.51    0.00    0.00   65.64
Average:       5   33.33    0.00    0.51    0.00    0.00    0.00    0.00    0.00    0.00   66.15
Average:       6   49.22    0.00    1.04    0.00    0.00    0.00    0.00    0.00    0.00   49.74
Average:       7   58.76    0.00    0.52    0.00    0.00    0.00    0.00    0.00    0.00   40.72
Average:       2    0.00    0.00    0.00    0.00    0.00    0.00    0.00    0.00    0.00  100.00
Average:       3    0.00    0.00    0.00    0.00    0.00    0.00    0.00    0.00    0.00  100.00
Average:       4   99.00    0.00    1.00    0.00    0.00    0.00    0.00    0.00    0.00    0.00
Average:       5    0.00    0.00    0.00    0.00    0.00    0.00    0.00    0.00    0.00  100.00
Average:       6    0.00    0.00    0.00    0.00    0.00    0.00    0.00    0.00    0.00  100.00
Average:       7    0.00    0.00    0.00    0.00    0.00    0.00    0.00    0.00    0.00  100.00
Average:       2    0.00    0.00    0.00    0.00    0.00    0.00    0.00    0.00    0.00  100.00
Average:       3    0.00    0.00    0.00    0.00    0.00    0.00    0.00    0.00    0.00  100.00
Average:       4    0.00    0.00    0.00    0.00    0.00    0.00    0.00    0.00    0.00  100.00
Average:       5    0.00    0.00    0.00    0.00    0.00    0.00    0.00    0.00    0.00  100.00
Average:       6    0.00    0.00    0.00    0.00    0.00    0.00    0.00    0.00    0.00  100.00
Average:       7   98.99    0.00    1.01    0.00    0.00    0.00    0.00    0.00    0.00    0.00
Average:       2   99.00    0.00    0.50    0.00    0.00    0.00    0.00    0.00    0.00    0.50
Average:       3   99.01    0.00    0.50    0.00    0.00    0.00    0.00    0.00    0.00    0.50
Average:       4   81.82    0.00    5.56    0.00    0.00    0.00    0.00    0.00    0.00   12.63
Average:       5    0.00    0.00    0.00    0.00    0.00    0.00    0.00    0.00    0.00  100.00
Average:       6    0.00    0.00    0.00    0.00    0.00    0.00    0.00    0.00    0.00  100.00
Average:       7    0.00    0.00    0.00    0.00    0.00    0.00    0.00    0.00    0.00  100.00
Average:       2    0.00    0.00    0.00    0.00    0.00    0.00    0.00    0.00    0.00  100.00
Average:       3    0.00    0.00    0.00    0.00    0.00    0.00    0.00    0.00    0.00  100.00
Average:       4    0.00    0.00    0.00    0.00    0.00    0.00    0.00    0.00    0.00  100.00
Average:       5    0.00    0.00    0.00    0.00    0.00    0.00    0.00    0.00    0.00  100.00
Average:       6   28.50    0.00   43.00    0.00    0.00    0.00    0.00    0.00    0.00   28.50
Average:       7    0.00    0.00    0.00    0.00    0.00    0.00    0.00    0.00    0.00  100.00
Average:       2   56.32    0.00    0.00    0.00    0.00    0.00    0.00    0.00    0.00   43.68
Average:       3   57.14    0.00    1.02    0.00    0.00    0.00    0.00    0.00    0.00   41.84
Average:       4   26.15    0.00    0.51    0.00    0.00    0.00    0.51    0.00    0.00   72.82
Average:       5   24.49    0.00    0.00    0.00    0.00    0.00    0.00    0.00    0.00   75.51
Average:       6   20.10    0.00    0.00    0.00    0.00    0.00    0.00    0.00    0.00   79.90
Average:       7   19.39    0.00    0.00    0.00    0.00    0.00    0.00    0.00    0.00   80.61
Average:       2   78.61    0.00    1.49    0.00    0.00    0.00    0.00    0.00    0.00   19.90
Average:       3   16.08    0.00    0.00    0.00    0.00    0.00    0.00    0.00    0.00   83.92
Average:       4   14.43    0.00    0.00    0.00    0.00    0.00    0.00    0.00    0.00   85.57
Average:       5   27.84    0.00    0.00    0.00    0.00    0.00    0.00    0.00    0.00   72.16
Average:       6   13.64    0.00    0.00    0.00    0.00    0.00    0.00    0.00    0.00   86.36
Average:       7    6.60    0.00    0.51    0.00    0.00    0.00    0.00    0.00    0.00   92.89
Average:       2    0.00    0.00    0.00    0.00    0.00    0.00    0.00    0.00    0.00  100.00
Average:       3    0.00    0.00    0.00    0.00    0.00    0.00    0.00    0.00    0.00  100.00
Average:       4    0.00    0.00    0.00    0.00    0.00    0.00    0.00    0.00    0.00  100.00
Average:       5    0.00    0.00    0.00    0.00    0.00    0.00    0.00    0.00    0.00  100.00
Average:       6   98.50    0.00    1.50    0.00    0.00    0.00    0.00    0.00    0.00    0.00
Average:       7    0.00    0.00    0.00    0.00    0.00    0.00    0.00    0.00    0.00  100.00
Average:       2   57.79    0.00    0.50    0.00    0.00    0.00    0.00    0.00    0.00   41.71
Average:       3   57.50    0.00    0.50    0.00    0.00    0.00    0.00    0.00    0.00   42.00
Average:       4    9.55    0.00    1.01    0.00    0.00    0.00    0.00    0.00    0.00   89.45
Average:       5   78.46    0.00    3.08    0.00    0.00    0.00    0.00    0.00    0.00   18.46
Average:       6    0.00    0.00    0.00    0.00    0.00    0.00    0.00    0.00    0.00  100.00
Average:       7    0.00    0.00    0.00    0.00    0.00    0.00    0.00    0.00    0.00  100.00
Average:       2    0.00    0.00    0.00    0.00    0.00    0.00    0.00    0.00    0.00  100.00
Average:       3    0.00    0.00    0.00    0.00    0.00    0.00    0.00    0.00    0.00  100.00
Average:       4    0.00    0.00    0.00    0.00    0.00    0.00    0.00    0.00    0.00  100.00
Average:       5    0.00    0.00    0.00    0.00    0.00    0.00    0.00    0.00    0.00  100.00
Average:       6   45.00    0.00   55.00    0.00    0.00    0.00    0.00    0.00    0.00    0.00
Average:       7    0.00    0.00    0.00    0.00    0.00    0.00    0.00    0.00    0.00  100.00
Average:       2   12.06    0.00    0.50    0.00    0.00    0.00    0.50    0.00    0.00   86.93
Average:       3    4.12    0.00    0.00    0.00    0.00    0.00    0.00    0.00    0.00   95.88
Average:       4   41.84    0.00    1.02    0.00    0.00    0.00    0.51    0.00    0.00   56.63
Average:       5   51.79    0.00    0.00    0.00    0.00    0.00    0.00    0.00    0.00   48.21
Average:       6   65.66    0.00    2.02    0.00    0.00    0.00    0.51    0.00    0.00   31.82
Average:       7   69.04    0.00    0.51    0.00    0.00    0.00    0.00    0.00    0.00   30.46
Average:       2   37.56    0.00    1.02    0.00    0.00    0.00    0.00    0.00    0.00   61.42
Average:       3   25.00    0.00    1.00    0.00    0.00    0.00    0.00    0.00    0.00   74.00
Average:       4    6.74    0.00    0.00    0.00    0.00    0.00    0.00    0.00    0.00   93.26
Average:       5   34.20    0.00    0.00    0.00    0.00    0.00    0.00    0.00    0.00   65.80
Average:       6   44.90    0.00    0.51    0.00    0.00    0.00    0.00    0.00    0.00   54.59
Average:       7   60.00    0.00    0.51    0.00    0.00    0.00    0.00    0.00    0.00   39.49
Average:       2    0.00    0.00    0.00    0.00    0.00    0.00    0.00    0.00    0.00  100.00
Average:       3    0.00    0.00    0.00    0.00    0.00    0.00    0.00    0.00    0.00  100.00
Average:       4   45.23    0.00    0.50    0.00    0.00    0.00    0.00    0.00    0.00   54.27
Average:       5    0.00    0.00    0.50    0.00    0.00    0.00    0.00    0.00    0.00   99.50
Average:       6    0.00    0.00    0.00    0.00    0.00    0.00    0.00    0.00    0.00  100.00
Average:       7   46.73    0.00    7.04    0.00    0.00    0.00    0.00    0.00    0.00   46.23
Average:       2    0.00    0.00    0.50    0.00    0.00    0.00    0.00    0.00    0.00   99.50
Average:       3    0.00    0.00    0.00    0.00    0.00    0.00    0.00    0.00    0.00  100.00
Average:       4    0.50    0.00    1.49    0.00    0.00    0.00    0.00    0.00    0.00   98.01
Average:       5   61.39    0.00    5.45    0.00    0.00    0.00    0.00    0.00    0.00   33.17
Average:       6    0.00    0.00    0.00    0.00    0.00    0.00    0.00    0.00    0.00  100.00
Average:       7   12.00    0.00    0.50    0.00    0.00    0.00    0.00    0.00    0.00   87.50
Average:       2   82.09    0.00    0.50    0.00    0.00    0.00    0.50    0.00    0.00   16.92
Average:       3   82.00    0.00    1.00    0.00    0.00    0.00    0.00    0.00    0.00   17.00
Average:       4   68.84    0.00    5.03    0.00    0.00    0.00    0.00    0.00    0.00   26.13
Average:       5    0.00    0.00    0.00    0.00    0.00    0.00    0.00    0.00    0.00  100.00
Average:       6    7.50    0.00    9.00    0.00    0.00    0.00    0.00    0.00    0.00   83.50
Average:       7    0.00    0.00    0.00    0.00    0.00    0.00    0.00    0.00    0.00  100.00
Average:       2   39.90    0.00    0.51    0.00    0.00    0.00    0.00    0.00    0.00   59.60
Average:       3   10.15    0.00    0.00    0.00    0.00    0.00    0.00    0.00    0.00   89.85
Average:       4   12.12    0.00    0.00    0.51    0.00    0.00    0.00    0.00    0.00   87.37
Average:       5   41.41    0.00    0.00    0.00    0.00    0.00    0.00    0.00    0.00   58.59
Average:       6   30.10    0.00    0.51    0.00    0.00    0.00    0.00    0.00    0.00   69.39
Average:       7   62.56    0.00    0.51    0.00    0.00    0.00    0.00    0.00    0.00   36.92
Average:       2   30.46    0.00    0.00    0.00    0.00    0.00    0.00    0.00    0.00   69.54
Average:       3   25.25    0.00    0.51    0.00    0.00    0.00    0.51    0.00    0.00   73.74
Average:       4   28.57    0.00    0.51    0.00    0.00    0.00    0.00    0.00    0.00   70.92
Average:       5   42.93    0.00    1.01    0.00    0.00    0.00    0.00    0.00    0.00   56.06
Average:       6   43.37    0.00    1.02    0.00    0.00    0.00    0.00    0.00    0.00   55.61
Average:       7   32.12    0.00    0.52    0.00    0.00    0.00    0.00    0.00    0.00   67.36
Average:       2    0.00    0.00    0.00    0.00    0.00    0.00    0.00    0.00    0.00  100.00
Average:       3    0.00    0.00    0.00    0.00    0.00    0.00    0.00    0.00    0.00  100.00
Average:       4   99.00    0.00    1.00    0.00    0.00    0.00    0.00    0.00    0.00    0.00
Average:       5    0.00    0.00    0.00    0.00    0.00    0.00    0.00    0.00    0.00  100.00
Average:       6    0.00    0.00    0.00    0.00    0.00    0.00    0.00    0.00    0.00  100.00
Average:       7    0.00    0.00    0.00    0.00    0.00    0.00    0.00    0.00    0.00  100.00
Average:       2    0.00    0.00    0.00    0.00    0.00    0.00    0.00    0.00    0.00  100.00
Average:       3    0.00    0.00    0.00    0.00    0.00    0.00    0.00    0.00    0.00  100.00
Average:       4    0.00    0.00    1.50    0.00    0.00    0.00    0.00    0.00    0.00   98.50
Average:       5   20.60    0.00    3.02    0.00    0.00    0.00    0.00    0.00    0.00   76.38
Average:       6    0.00    0.00    0.00    0.00    0.00    0.00    0.00    0.00    0.00  100.00
Average:       7   68.00    0.00    6.50    0.00    0.00    0.00    0.00    0.00    0.00   25.50
Average:       2  100.00    0.00    0.00    0.00    0.00    0.00    0.00    0.00    0.00    0.00
Average:       3   99.50    0.00    0.50    0.00    0.00    0.00    0.00    0.00    0.00    0.00
Average:       4    0.00    0.00    0.00    0.00    0.00    0.00    0.00    0.00    0.00  100.00
Average:       5    0.00    0.00    0.00    0.00    0.00    0.00    0.00    0.00    0.00  100.00
Average:       6   78.28    0.00    6.06    0.00    0.00    0.00    0.00    0.00    0.00   15.66
Average:       7    0.00    0.00    0.00    0.00    0.00    0.00    0.00    0.00    0.00  100.00
Average:       2    0.00    0.00    0.00    0.00    0.00    0.00    0.00    0.00    0.00  100.00
Average:       3    0.00    0.00    0.00    0.00    0.00    0.00    0.00    0.00    0.00  100.00
Average:       4    0.00    0.00    0.00    0.00    0.00    0.00    0.00    0.00    0.00  100.00
Average:       5    0.00    0.00    0.00    0.00    0.00    0.00    0.00    0.00    0.00  100.00
Average:       6   10.50    0.00   12.00    0.00    0.00    0.00    0.00    0.00    0.00   77.50
Average:       7    0.00    0.00    0.00    0.00    0.00    0.00    0.00    0.00    0.00  100.00
Average:       2   50.51    0.00    1.01    0.00    0.00    0.00    0.00    0.00    0.00   48.48
Average:       3   40.40    0.00    0.51    0.00    0.00    0.00    0.00    0.00    0.00   59.09
Average:       4   47.80    0.00    0.00    0.00    0.00    0.00    0.00    0.00    0.00   52.20
Average:       5   57.84    0.00    0.49    0.00    0.00    0.00    0.00    0.00    0.00   41.67
Average:       6   59.80    0.00    1.01    0.00    0.00    0.00    0.00    0.00    0.00   39.20
Average:       7   23.74    0.00    0.51    0.00    0.00    0.00    0.00    0.00    0.00   75.76
Average:       2   18.00    0.00    0.50    0.00    0.00    0.00    0.00    0.00    0.00   81.50
Average:       3   32.83    0.00    0.00    0.00    0.00    0.00    0.00    0.00    0.00   67.17
Average:       4   41.45    0.00    0.00    0.00    0.00    0.00    0.00    0.00    0.00   58.55
Average:       5   75.62    0.00    0.50    0.00    0.00    0.00    0.50    0.00    0.00   23.38
Average:       6   56.28    0.00    1.01    0.00    0.00    0.00    0.00    0.00    0.00   42.71
Average:       7   46.77    0.00    0.00    0.00    0.00    0.00    0.00    0.00    0.00   53.23
Average:       2    0.00    0.00    0.00    0.00    0.00    0.00    0.00    0.00    0.00  100.00
Average:       3    0.00    0.00    0.00    0.00    0.00    0.00    0.00    0.00    0.00  100.00
Average:       4    0.00    0.00    0.00    0.00    0.00    0.00    0.00    0.00    0.00  100.00
Average:       5   98.50    0.00    1.50    0.00    0.00    0.00    0.00    0.00    0.00    0.00
Average:       6    0.00    0.00    0.00    0.00    0.00    0.00    0.00    0.00    0.00  100.00
Average:       7    0.00    0.00    0.00    0.00    0.00    0.00    0.00    0.00    0.00  100.00
Average:       2    0.00    0.00    0.00    0.00    0.00    0.00    0.00    0.00    0.00  100.00
Average:       3    0.00    0.00    0.00    0.00    0.00    0.00    0.00    0.00    0.00  100.00
Average:       4    0.00    0.00    0.00    0.00    0.00    0.00    0.00    0.00    0.00  100.00
Average:       5    0.00    0.00    0.00    0.00    0.00    0.00    0.00    0.00    0.00  100.00
Average:       6   98.51    0.00    1.49    0.00    0.00    0.00    0.00    0.00    0.00    0.00
Average:       7    0.00    0.00    0.00    0.00    0.00    0.00    0.00    0.00    0.00  100.00
Average:       2    0.00    0.00    0.00    0.00    0.00    0.00    0.00    0.00    0.00  100.00
Average:       3    0.00    0.00    0.00    0.00    0.00    0.00    0.00    0.00    0.00  100.00
Average:       4    0.00    0.00    0.00    0.00    0.00    0.00    0.00    0.00    0.00  100.00
Average:       5    0.00    0.00    0.00    0.00    0.00    0.00    0.00    0.00    0.00  100.00
Average:       6    0.00    0.00    0.00    0.00    0.00    0.00    0.00    0.00    0.00  100.00
Average:       7    0.00    0.00    0.00    0.00    0.00    0.00    0.00    0.00    0.00  100.00
Average:       2   98.99    0.00    1.01    0.00    0.00    0.00    0.00    0.00    0.00    0.00
Average:       3    0.00    0.00    0.00    0.00    0.00    0.00    0.00    0.00    0.00  100.00
Average:       4   80.10    0.00    5.47    0.00    0.00    0.00    0.50    0.00    0.00   13.93
Average:       5   86.50    0.00    0.50    0.00    0.00    0.00    0.00    0.00    0.00   13.00
Average:       6    0.00    0.00    0.00    0.00    0.00    0.00    0.00    0.00    0.00  100.00
Average:       7   99.50    0.00    0.50    0.00    0.00    0.00    0.00    0.00    0.00    0.00
Average:       2    0.00    0.00    0.00    0.00    0.00    0.00    0.00    0.00    0.00  100.00
Average:       3    0.00    0.00    0.50    0.00    0.00    0.00    0.00    0.00    0.00   99.50
Average:       4    0.00    0.00    0.00    0.00    0.00    0.00    0.00    0.00    0.00  100.00
Average:       5   29.00    0.00    8.00    0.00    0.00    0.00    0.00    0.00    0.00   63.00
Average:       6   11.11    0.00    0.00    0.00    0.00    0.00    0.00    0.00    0.00   88.89
Average:       7   12.00    0.00    0.00    0.00    0.00    0.00    0.00    0.00    0.00   88.00
Average:       2   25.00    0.00    0.52    0.00    0.00    0.00    0.00    0.00    0.00   74.48
Average:       3   42.64    0.00    0.00    0.00    0.00    0.00    0.00    0.00    0.00   57.36
Average:       4   23.35    0.00    0.51    0.00    0.00    0.00    0.00    0.00    0.00   76.14
Average:       5   30.96    0.00    0.00    0.51    0.00    0.00    0.00    0.00    0.00   68.53
Average:       6   60.61    0.00    1.52    0.00    0.00    0.00    0.00    0.00    0.00   37.88
Average:       7   46.77    0.00    1.00    0.00    0.00    0.00    0.00    0.00    0.00   52.24
Average:       2   52.33    0.00    1.04    0.00    0.00    0.00    0.00    0.00    0.00   46.63
Average:       3   69.39    0.00    0.00    0.00    0.00    0.00    0.00    0.00    0.00   30.61
Average:       4   52.82    0.00    0.51    0.00    0.00    0.00    0.00    0.00    0.00   46.67
Average:       5   40.96    0.00    1.06    0.00    0.00    0.00    0.00    0.00    0.00   57.98
Average:       6   24.10    0.00    0.51    0.00    0.00    0.00    0.00    0.00    0.00   75.38
Average:       7   16.50    0.00    0.50    0.00    0.00    0.00    0.00    0.00    0.00   83.00
Average:       2    0.00    0.00    0.00    0.00    0.00    0.00    0.00    0.00    0.00  100.00
Average:       3    0.00    0.00    0.00    0.00    0.00    0.00    0.00    0.00    0.00  100.00
Average:       4   73.87    0.00    1.01    0.00    0.00    0.00    0.00    0.00    0.00   25.13
Average:       5   18.50    0.00    7.00    0.00    0.00    0.00    0.00    0.00    0.00   74.50
Average:       6    0.00    0.00    0.00    0.00    0.00    0.00    0.00    0.00    0.00  100.00
Average:       7    0.00    0.00    0.00    0.00    0.00    0.00    0.00    0.00    0.00  100.00
Average:       2    0.00    0.00    0.00    0.00    0.00    0.00    0.00    0.00    0.00  100.00
Average:       3    0.00    0.00    0.00    0.00    0.00    0.00    0.00    0.00    0.00  100.00
Average:       4    0.00    0.00    0.00    0.00    0.00    0.00    0.00    0.00    0.00  100.00
Average:       5   92.54    0.00    6.97    0.00    0.00    0.00    0.00    0.00    0.00    0.50
Average:       6    0.00    0.00    0.00    0.00    0.00    0.00    0.00    0.00    0.00  100.00
Average:       7    0.00    0.00    0.00    0.00    0.00    0.00    0.00    0.00    0.00  100.00
Average:       2    0.00    0.00    0.00    0.00    0.00    0.00    0.00    0.00    0.00  100.00
Average:       3    0.00    0.00    0.00    0.00    0.00    0.00    0.00    0.00    0.00  100.00
Average:       4   97.49    0.00    0.50    0.00    0.00    0.00    0.00    0.00    0.00    2.01
Average:       5   97.49    0.00    0.00    0.00    0.00    0.00    0.00    0.00    0.00    2.51
Average:       6   94.53    0.00    1.99    0.00    0.00    0.00    0.50    0.00    0.00    2.99
Average:       7   96.50    0.00    0.50    0.00    0.00    0.00    0.00    0.00    0.00    3.00
Average:       2    0.00    0.00    0.00    0.00    0.00    0.00    0.00    0.00    0.00  100.00
Average:       3    0.00    0.00    0.00    0.00    0.00    0.00    0.00    0.00    0.00  100.00
Average:       4    0.00    0.00    0.00    0.00    0.00    0.00    0.00    0.00    0.00  100.00
Average:       5    0.00    0.00    0.00    0.00    0.00    0.00    0.00    0.00    0.00  100.00
Average:       6    0.00    0.00    0.00    0.00    0.00    0.00    0.00    0.00    0.00  100.00
Average:       7    0.00    0.00    0.00    0.00    0.00    0.00    0.00    0.00    0.00  100.00
Average:       2   67.01    0.00    0.51    0.00    0.00    0.00    0.00    0.00    0.00   32.49
Average:       3    3.05    0.00    0.00    0.00    0.00    0.00    0.00    0.00    0.00   96.95
Average:       4    4.00    0.00    0.50    0.00    0.00    0.00    0.00    0.00    0.00   95.50
Average:       5   16.42    0.00    0.50    0.00    0.00    0.00    0.00    0.00    0.00   83.08
Average:       6    6.57    0.00    0.51    0.00    0.00    0.00    0.00    0.00    0.00   92.93
Average:       7   88.44    0.00    1.51    0.00    0.00    0.00    0.00    0.00    0.00   10.05
Average:       2    4.12    0.00    0.00    0.00    0.00    0.00    0.00    0.00    0.00   95.88
Average:       3   41.50    0.00    0.00    0.00    0.00    0.00    0.00    0.00    0.00   58.50
Average:       4   50.47    0.00    0.47    0.00    0.00    0.00    0.00    0.00    0.00   49.07
Average:       5   59.42    0.00    0.00    0.00    0.00    0.00    0.00    0.00    0.00   40.58
Average:       6   79.70    0.00    0.50    0.00    0.00    0.00    0.00    0.00    0.00   19.80
Average:       7   42.21    0.00    0.50    0.00    0.00    0.00    0.00    0.00    0.00   57.29
Average:       2    1.00    0.00    0.00    0.00    0.00    0.00    0.00    0.00    0.00   99.00
Average:       3    0.00    0.00    0.00    0.00    0.00    0.00    0.00    0.00    0.00  100.00
Average:       4    0.00    0.00    0.00    0.00    0.00    0.00    0.00    0.00    0.00  100.00
Average:       5   72.73    0.00    0.51    0.00    0.00    0.00    0.51    0.00    0.00   26.26
Average:       6   23.23    0.00    0.00    0.00    0.00    0.00    0.00    0.00    0.00   76.77
Average:       7   23.62    0.00    0.50    0.00    0.00    0.00    0.00    0.00    0.00   75.88
Average:       2  100.00    0.00    0.00    0.00    0.00    0.00    0.00    0.00    0.00    0.00
Average:       3    0.00    0.00    0.00    0.00    0.00    0.00    0.00    0.00    0.00  100.00
Average:       4    0.00    0.00    0.00    0.00    0.00    0.00    0.00    0.00    0.00  100.00
Average:       5    0.00    0.00    0.00    0.00    0.00    0.00    0.00    0.00    0.00  100.00
Average:       6    0.00    0.00    0.00    0.00    0.00    0.00    0.00    0.00    0.00  100.00
Average:       7    0.00    0.00    0.50    0.00    0.00    0.00    0.00    0.00    0.00   99.50
Average:       2    0.00    0.00    0.00    0.00    0.00    0.00    0.00    0.00    0.00  100.00
Average:       3    0.00    0.00    0.00    0.00    0.00    0.00    0.00    0.00    0.00  100.00
Average:       4    0.00    0.00    0.00    0.00    0.00    0.00    0.00    0.00    0.00  100.00
Average:       5    0.00    0.00    0.00    0.00    0.00    0.00    0.00    0.00    0.00  100.00
Average:       6    0.00    0.00    0.00    0.00    0.00    0.00    0.00    0.00    0.00  100.00
Average:       7    0.00    0.00    0.00    0.00    0.00    0.00    0.00    0.00    0.00  100.00
Average:       2    0.00    0.00    0.00    0.00    0.00    0.00    0.00    0.00    0.00  100.00
Average:       3    0.00    0.00    0.00    0.00    0.00    0.00    0.00    0.00    0.00  100.00
Average:       4   99.50    0.00    0.50    0.00    0.00    0.00    0.00    0.00    0.00    0.00
Average:       5   99.50    0.00    0.50    0.00    0.00    0.00    0.00    0.00    0.00    0.00
Average:       6  100.00    0.00    0.00    0.00    0.00    0.00    0.00    0.00    0.00    0.00
Average:       7   99.00    0.00    0.50    0.00    0.00    0.00    0.50    0.00    0.00    0.00
Average:       2    0.00    0.00    0.00    0.00    0.00    0.00    0.00    0.00    0.00  100.00
Average:       3    0.00    0.00    0.00    0.00    0.00    0.00    0.00    0.00    0.00  100.00
Average:       4    0.00    0.00    0.00    0.00    0.00    0.00    0.00    0.00    0.00  100.00
Average:       5    0.00    0.00    0.00    0.00    0.00    0.00    0.00    0.00    0.00  100.00
Average:       6    0.00    0.00    0.00    0.00    0.00    0.00    0.00    0.00    0.00  100.00
Average:       7    0.00    0.00    0.00    0.00    0.00    0.00    0.00    0.00    0.00  100.00
Average:       2   32.47    0.00    0.52    0.00    0.00    0.00    0.00    0.00    0.00   67.01
Average:       3   23.74    0.00    0.51    0.00    0.00    0.00    0.00    0.00    0.00   75.76
Average:       4   40.31    0.00    1.02    0.00    0.00    0.00    0.00    0.00    0.00   58.67
Average:       5   44.90    0.00    0.00    0.00    0.00    0.00    0.00    0.00    0.00   55.10
Average:       6   43.43    0.00    0.51    0.00    0.00    0.00    0.51    0.00    0.00   55.56
Average:       7   59.09    0.00    0.51    0.00    0.00    0.00    0.00    0.00    0.00   40.40
Average:       2    9.55    0.00    0.00    0.00    0.00    0.00    0.00    0.00    0.00   90.45
Average:       3   15.84    0.00    0.00    0.00    0.00    0.00    0.00    0.00    0.00   84.16
Average:       4   19.60    0.00    0.00    0.00    0.00    0.00    0.00    0.00    0.00   80.40
Average:       5   40.00    0.00    0.00    0.00    0.00    0.00    0.00    0.00    0.00   60.00
Average:       6   84.77    0.00    0.00    0.00    0.00    0.00    0.00    0.00    0.00   15.23
Average:       7   63.64    0.00    0.51    0.00    0.00    0.00    0.51    0.00    0.00   35.35
Average:       2    0.00    0.00    0.00    0.00    0.00    0.00    0.00    0.00    0.00  100.00
Average:       3    0.00    0.00    0.00    0.00    0.00    0.00    0.00    0.00    0.00  100.00
Average:       4    0.00    0.00    0.00    0.00    0.00    0.00    0.00    0.00    0.00  100.00
Average:       5    0.00    0.00    0.00    0.00    0.00    0.00    0.00    0.00    0.00  100.00
Average:       6    0.00    0.00    0.00    0.00    0.00    0.00    0.00    0.00    0.00  100.00
Average:       7    0.00    0.00    0.00    0.00    0.00    0.00    0.00    0.00    0.00  100.00
Average:       2    0.00    0.00    0.00    0.00    0.00    0.00    0.00    0.00    0.00  100.00
Average:       3   99.00    0.00    1.00    0.00    0.00    0.00    0.00    0.00    0.00    0.00
Average:       4    0.00    0.00    0.00    0.00    0.00    0.00    0.00    0.00    0.00  100.00
Average:       5    0.00    0.00    0.00    0.00    0.00    0.00    0.00    0.00    0.00  100.00
Average:       6    0.00    0.00    0.00    0.00    0.00    0.00    0.00    0.00    0.00  100.00
Average:       7    0.00    0.00    0.00    0.00    0.00    0.00    0.00    0.00    0.00  100.00
Average:       2   44.72    0.00   55.28    0.00    0.00    0.00    0.00    0.00    0.00    0.00
Average:       3    0.00    0.00    0.00    0.00    0.00    0.00    0.00    0.00    0.00  100.00
Average:       4    0.00    0.00    0.00    0.00    0.00    0.00    0.00    0.00    0.00  100.00
Average:       5    0.00    0.00    0.00    0.00    0.00    0.00    0.00    0.00    0.00  100.00
Average:       6    0.00    0.00    0.00    0.00    0.00    0.00    0.00    0.00    0.00  100.00
Average:       7    0.00    0.00    0.00    0.00    0.00    0.00    0.00    0.00    0.00  100.00
Average:       2    0.00    0.00    0.00    0.00    0.00    0.00    0.00    0.00    0.00  100.00
Average:       3   25.50    0.00    3.00    0.00    0.00    0.00    0.00    0.00    0.00   71.50
Average:       4    0.00    0.00    0.00    0.00    0.00    0.00    0.00    0.00    0.00  100.00
Average:       5    0.00    0.00    0.00    0.00    0.00    0.00    0.00    0.00    0.00  100.00
Average:       6    0.00    0.00    0.00    0.00    0.00    0.00    0.00    0.00    0.00  100.00
Average:       7    0.00    0.00    0.00    0.00    0.00    0.00    0.00    0.00    0.00  100.00
Average:       2   47.72    0.00    3.05    0.00    0.00    0.00    0.51    0.00    0.00   48.73
Average:       3    0.00    0.00    0.00    0.00    0.00    0.00    0.00    0.00    0.00  100.00
Average:       4   58.21    0.00    1.49    0.00    0.00    0.00    0.00    0.00    0.00   40.30
Average:       5   58.00    0.00    1.00    0.00    0.00    0.00    0.00    0.00    0.00   41.00
Average:       6   58.50    0.00    0.50    0.00    0.00    0.00    0.00    0.00    0.00   41.00
Average:       7   58.71    0.00    0.50    0.00    0.00    0.00    0.00    0.00    0.00   40.80
Average:       2   41.50    0.00   58.50    0.00    0.00    0.00    0.00    0.00    0.00    0.00
Average:       3    0.00    0.00    0.00    0.00    0.00    0.00    0.00    0.00    0.00  100.00
Average:       4    0.00    0.00    0.00    0.00    0.00    0.00    0.00    0.00    0.00  100.00
Average:       5    0.00    0.00    0.00    0.00    0.00    0.00    0.00    0.00    0.00  100.00
Average:       6    0.00    0.00    0.00    0.00    0.00    0.00    0.00    0.00    0.00  100.00
Average:       7    0.00    0.00    0.00    0.00    0.00    0.00    0.00    0.00    0.00  100.00
Average:       2   43.37    0.00    0.00    0.00    0.00    0.00    0.00    0.00    0.00   56.63
Average:       3   53.06    0.00    0.51    0.00    0.00    0.00    0.00    0.00    0.00   46.43
Average:       4   33.67    0.00    1.01    0.00    0.00    0.00    0.00    0.00    0.00   65.33
Average:       5   14.36    0.00    1.03    0.00    0.00    0.00    0.00    0.00    0.00   84.62
Average:       6   36.55    0.00    1.02    0.00    0.00    0.00    0.00    0.00    0.00   62.44
Average:       7   27.04    0.00    0.00    0.00    0.00    0.00    0.00    0.00    0.00   72.96
Average:       2   22.45    0.00    0.00    0.00    0.00    0.00    0.00    0.00    0.00   77.55
Average:       3   26.40    0.00    1.02    0.00    0.00    0.00    0.00    0.00    0.00   72.59
Average:       4   13.85    0.00    0.51    0.00    0.00    0.00    0.00    0.00    0.00   85.64
Average:       5   11.06    0.00    0.50    0.00    0.00    0.00    0.50    0.00    0.00   87.94
Average:       6   18.27    0.00    0.51    0.00    0.00    0.00    0.00    0.00    0.00   81.22
Average:       7   16.75    0.00    0.00    0.00    0.00    0.00    0.00    0.00    0.00   83.25
Average:       2    0.00    0.00    0.00    0.00    0.00    0.00    0.00    0.00    0.00  100.00
Average:       3   98.50    0.00    1.50    0.00    0.00    0.00    0.00    0.00    0.00    0.00
Average:       4    0.00    0.00    0.00    0.00    0.00    0.00    0.00    0.00    0.00  100.00
Average:       5    0.00    0.00    0.00    0.00    0.00    0.00    0.00    0.00    0.00  100.00
Average:       6    0.00    0.00    0.00    0.00    0.00    0.00    0.00    0.00    0.00  100.00
Average:       7    0.00    0.00    0.00    0.00    0.00    0.00    0.00    0.00    0.00  100.00
Average:       2    0.00    0.00    0.00    0.00    0.00    0.00    0.00    0.00    0.00  100.00
Average:       3    0.00    0.00    0.00    0.00    0.00    0.00    0.00    0.00    0.00  100.00
Average:       4   31.66    0.00    1.01    0.00    0.00    0.00    0.00    0.00    0.00   67.34
Average:       5   32.00    0.00    0.00    0.00    0.00    0.00    0.00    0.00    0.00   68.00
Average:       6   32.00    0.00    0.00    0.00    0.00    0.00    0.00    0.00    0.00   68.00
Average:       7   31.82    0.00    0.00    0.00    0.00    0.00    0.00    0.00    0.00   68.18
Average:       2   46.27    0.00   53.73    0.00    0.00    0.00    0.00    0.00    0.00    0.00
Average:       3    0.00    0.00    0.00    0.00    0.00    0.00    0.00    0.00    0.00  100.00
Average:       4    0.00    0.00    0.00    0.00    0.00    0.00    0.00    0.00    0.00  100.00
Average:       5    0.00    0.00    0.00    0.00    0.00    0.00    0.00    0.00    0.00  100.00
Average:       6    0.00    0.00    0.00    0.00    0.00    0.00    0.00    0.00    0.00  100.00
Average:       7    0.00    0.00    0.00    0.00    0.00    0.00    0.00    0.00    0.00  100.00
Average:       2   38.14    0.00    1.03    0.00    0.00    0.00    0.00    0.00    0.00   60.82
Average:       3   55.96    0.00    1.55    0.00    0.00    0.00    0.52    0.00    0.00   41.97
Average:       4   72.45    0.00    1.02    0.00    0.00    0.00    0.51    0.00    0.00   26.02
Average:       5   62.24    0.00    1.02    0.00    0.00    0.00    0.00    0.00    0.00   36.73
Average:       6   34.02    0.00    0.52    0.00    0.00    0.00    0.00    0.00    0.00   65.46
Average:       7   22.45    0.00    0.00    0.00    0.00    0.00    0.51    0.00    0.00   77.04
Average:       2   50.00    0.00    1.01    0.00    0.00    0.00    0.00    0.00    0.00   48.99
Average:       3   53.33    0.00    0.00    0.00    0.00    0.00    0.51    0.00    0.00   46.15
Average:       4   53.30    0.00    0.51    0.00    0.00    0.00    0.51    0.00    0.00   45.69
Average:       5   54.82    0.00    0.51    0.00    0.00    0.00    0.00    0.00    0.00   44.67
Average:       6   32.83    0.00    0.51    0.00    0.00    0.00    0.00    0.00    0.00   66.67
Average:       7   38.58    0.00    0.51    0.00    0.00    0.00    0.00    0.00    0.00   60.91
Average:       2   98.51    0.00    1.49    0.00    0.00    0.00    0.00    0.00    0.00    0.00
Average:       3    0.00    0.00    0.00    0.00    0.00    0.00    0.00    0.00    0.00  100.00
Average:       4    0.00    0.00    0.00    0.00    0.00    0.00    0.00    0.00    0.00  100.00
Average:       5    0.00    0.00    0.00    0.00    0.00    0.00    0.00    0.00    0.00  100.00
Average:       6    0.00    0.00    0.00    0.00    0.00    0.00    0.00    0.00    0.00  100.00
Average:       7    0.00    0.00    0.00    0.00    0.00    0.00    0.00    0.00    0.00  100.00
Average:       2    0.00    0.00    0.00    0.00    0.00    0.00    0.00    0.00    0.00  100.00
Average:       3    0.00    0.00    0.00    0.00    0.00    0.00    0.00    0.00    0.00  100.00
Average:       4    0.00    0.00    0.00    0.00    0.00    0.00    0.00    0.00    0.00  100.00
Average:       5    0.00    0.00    0.00    0.00    0.00    0.00    0.00    0.00    0.00  100.00
Average:       6    0.00    0.00    0.00    0.00    0.00    0.00    0.00    0.00    0.00  100.00
Average:       7    0.00    0.00    0.00    0.00    0.00    0.00    0.00    0.00    0.00  100.00
Average:       2   27.00    0.00   38.50    0.00    0.00    0.00    0.00    0.00    0.00   34.50
Average:       3    0.00    0.00    0.00    0.00    0.00    0.00    0.00    0.00    0.00  100.00
Average:       4   33.50    0.00    0.50    0.00    0.00    0.00    0.00    0.00    0.00   66.00
Average:       5   28.79    0.00    0.51    0.00    0.00    0.00    0.00    0.00    0.00   70.71
Average:       6    0.00    0.00    0.00    0.00    0.00    0.00    0.00    0.00    0.00  100.00
Average:       7   34.00    0.00    0.00    0.00    0.00    0.00    0.00    0.00    0.00   66.00
Average:       2   46.73    0.00    0.00    0.00    0.00    0.00    0.00    0.00    0.00   53.27
Average:       3   57.07    0.00    1.01    0.00    0.00    0.00    0.00    0.00    0.00   41.92
Average:       4   15.23    0.00    0.51    0.00    0.00    0.00    0.00    0.00    0.00   84.26
Average:       5   25.63    0.00    0.50    0.00    0.00    0.00    0.00    0.00    0.00   73.87
Average:       6   32.14    0.00    0.51    0.00    0.00    0.00    0.00    0.00    0.00   67.35
Average:       7   29.38    0.00    0.52    0.00    0.00    0.00    0.52    0.00    0.00   69.59
Average:       2   47.42    0.00    0.52    0.00    0.00    0.00    0.00    0.00    0.00   52.06
Average:       3   53.12    0.00    0.52    0.00    0.00    0.00    0.00    0.00    0.00   46.35
Average:       4   76.02    0.00    0.51    0.00    0.00    0.00    0.00    0.00    0.00   23.47
Average:       5   60.10    0.00    0.52    0.00    0.00    0.00    0.00    0.00    0.00   39.38
Average:       6   29.65    0.00    0.50    0.00    0.00    0.00    0.00    0.00    0.00   69.85
Average:       7   17.00    0.00    0.50    0.00    0.00    0.00    0.00    0.00    0.00   82.50
Average:       2   96.52    0.00    3.48    0.00    0.00    0.00    0.00    0.00    0.00    0.00
Average:       3    0.00    0.00    0.00    0.00    0.00    0.00    0.00    0.00    0.00  100.00
Average:       4    0.00    0.00    0.50    0.00    0.00    0.00    0.00    0.00    0.00   99.50
Average:       5    0.00    0.00    0.00    0.00    0.00    0.00    0.00    0.00    0.00  100.00
Average:       6    0.00    0.00    0.00    0.00    0.00    0.00    0.00    0.00    0.00  100.00
Average:       7    0.00    0.00    0.00    0.00    0.00    0.00    0.00    0.00    0.00  100.00
Average:       2    0.00    0.00    0.00    0.00    0.00    0.00    0.00    0.00    0.00  100.00
Average:       3    0.00    0.00    0.00    0.00    0.00    0.00    0.00    0.00    0.00  100.00
Average:       4    0.00    0.00    0.00    0.00    0.00    0.00    0.00    0.00    0.00  100.00
Average:       5    0.00    0.00    0.00    0.00    0.00    0.00    0.00    0.00    0.00  100.00
Average:       6    0.00    0.00    0.00    0.00    0.00    0.00    0.00    0.00    0.00  100.00
Average:       7    0.00    0.00    0.00    0.00    0.00    0.00    0.00    0.00    0.00  100.00
Average:       2   19.00    0.00   19.00    0.00    0.00    0.00    0.00    0.00    0.00   62.00
Average:       3   49.48    0.00    3.09    0.00    0.00    0.00    0.00    0.00    0.00   47.42
Average:       4   61.19    0.00    0.50    0.00    0.00    0.00    0.00    0.00    0.00   38.31
Average:       5   60.30    0.00    1.01    0.00    0.00    0.00    0.00    0.00    0.00   38.69
Average:       6   61.00    0.00    0.50    0.00    0.00    0.00    0.00    0.00    0.00   38.50
Average:       7   60.50    0.00    1.00    0.00    0.00    0.00    0.00    0.00    0.00   38.50
Average:       2   33.50    0.00    0.51    2.03    0.00    0.00    0.00    0.00    0.00   63.96
Average:       3   26.90    0.00    0.00    0.00    0.00    0.00    0.00    0.00    0.00   73.10
Average:       4   43.90    0.00    0.98    0.00    0.00    0.00    0.00    0.00    0.00   55.12
Average:       5   54.04    0.00    1.01    0.00    0.00    0.00    0.51    0.00    0.00   44.44
Average:       6   45.41    0.00    0.00    0.00    0.00    0.00    0.00    0.00    0.00   54.59
Average:       7   33.68    0.00    0.00    0.00    0.00    0.00    0.00    0.00    0.00   66.32
Average:       2   58.00    0.00    1.00    0.00    0.00    0.00    0.00    0.00    0.00   41.00
Average:       3   47.69    0.00    0.51    0.00    0.00    0.00    0.00    0.00    0.00   51.79
Average:       4   61.50    0.00    1.50    0.00    0.00    0.00    0.00    0.00    0.00   37.00
Average:       5   57.36    0.00    0.51    0.00    0.00    0.00    0.00    0.00    0.00   42.13
Average:       6   22.84    0.00    0.51    0.00    0.00    0.00    0.00    0.00    0.00   76.65
Average:       7   24.24    0.00    0.00    0.00    0.00    0.00    0.00    0.00    0.00   75.76
Average:       2    0.00    0.00    0.50    0.00    0.00    0.00    0.00    0.00    0.00   99.50
Average:       3    0.00    0.00    0.00    0.00    0.00    0.00    0.00    0.00    0.00  100.00
Average:       4    0.00    0.00    0.00    0.00    0.00    0.00    0.00    0.00    0.00  100.00
Average:       5    0.00    0.00    0.00    0.00    0.00    0.00    0.00    0.00    0.00  100.00
Average:       6    0.00    0.00    0.00    0.00    0.00    0.00    0.00    0.00    0.00  100.00
Average:       7    0.00    0.00    0.00    0.00    0.00    0.00    0.00    0.00    0.00  100.00
Average:       2   99.50    0.00    0.50    0.00    0.00    0.00    0.00    0.00    0.00    0.00
Average:       3    0.00    0.00    0.00    0.00    0.00    0.00    0.00    0.00    0.00  100.00
Average:       4    0.00    0.00    0.00    0.00    0.00    0.00    0.00    0.00    0.00  100.00
Average:       5    0.00    0.00    0.00    0.00    0.00    0.00    0.00    0.00    0.00  100.00
Average:       6    0.00    0.00    0.00    0.00    0.00    0.00    0.00    0.00    0.00  100.00
Average:       7    0.00    0.00    0.00    0.00    0.00    0.00    0.00    0.00    0.00  100.00
Average:       2   66.67    0.00    5.73    0.00    0.00    0.00    0.00    0.00    0.00   27.60
Average:       3    0.00    0.00    0.00    0.00    0.00    0.00    0.00    0.00    0.00  100.00
Average:       4   99.50    0.00    0.50    0.00    0.00    0.00    0.00    0.00    0.00    0.00
Average:       5   99.50    0.00    0.50    0.00    0.00    0.00    0.00    0.00    0.00    0.00
Average:       6   99.00    0.00    1.00    0.00    0.00    0.00    0.00    0.00    0.00    0.00
Average:       7   98.02    0.00    0.99    0.00    0.00    0.00    0.50    0.00    0.00    0.50
Average:       2   28.50    0.00   34.50    0.00    0.00    0.00    0.00    0.00    0.00   37.00
Average:       3    0.00    0.00    0.00    0.00    0.00    0.00    0.00    0.00    0.00  100.00
Average:       4    0.00    0.00    0.00    0.00    0.00    0.00    0.00    0.00    0.00  100.00
Average:       5    0.00    0.00    0.00    0.00    0.00    0.00    0.00    0.00    0.00  100.00
Average:       6    0.00    0.00    0.00    0.00    0.00    0.00    0.00    0.00    0.00  100.00
Average:       7    0.00    0.00    0.00    0.00    0.00    0.00    0.00    0.00    0.00  100.00
Average:       2   43.65    0.00    1.02    0.00    0.00    0.00    0.00    0.00    0.00   55.33
Average:       3   45.45    0.00    0.00    0.00    0.00    0.00    0.51    0.00    0.00   54.04
Average:       4   28.93    0.00    0.00    0.00    0.00    0.00    0.00    0.00    0.00   71.07
Average:       5   24.87    0.00    0.51    0.00    0.00    0.00    0.00    0.00    0.00   74.62
Average:       6   20.10    0.00    0.00    0.00    0.00    0.00    0.00    0.00    0.00   79.90
Average:       7   22.68    0.00    0.00    0.00    0.00    0.00    0.00    0.00    0.00   77.32
Average:       2    8.08    0.00    0.00    0.00    0.00    0.00    0.00    0.00    0.00   91.92
Average:       3   17.10    0.00    0.00    0.00    0.00    0.00    0.52    0.00    0.00   82.38
Average:       4   51.30    0.00    0.52    0.00    0.00    0.00    0.00    0.00    0.00   48.19
Average:       5   65.64    0.00    1.54    0.00    0.00    0.00    0.00    0.00    0.00   32.82
Average:       6   73.06    0.00    1.04    0.00    0.00    0.00    0.00    0.00    0.00   25.91
Average:       7   57.95    0.00    0.51    0.00    0.00    0.00    0.00    0.00    0.00   41.54
Average:       2   94.47    0.00    5.53    0.00    0.00    0.00    0.00    0.00    0.00    0.00
Average:       3    0.00    0.00    0.00    0.00    0.00    0.00    0.00    0.00    0.00  100.00
Average:       4    0.00    0.00    0.00    0.00    0.00    0.00    0.00    0.00    0.00  100.00
Average:       5    0.00    0.00    0.00    0.00    0.00    0.00    0.00    0.00    0.00  100.00
Average:       6    0.00    0.00    0.00    0.00    0.00    0.00    0.00    0.00    0.00  100.00
Average:       7    0.00    0.00    0.00    0.00    0.00    0.00    0.00    0.00    0.00  100.00
Average:       2    0.00    0.00    0.00    0.00    0.00    0.00    0.00    0.00    0.00  100.00
Average:       3    0.00    0.00    0.00    0.00    0.00    0.00    0.00    0.00    0.00  100.00
Average:       4    0.00    0.00    0.00    0.00    0.00    0.00    0.00    0.00    0.00  100.00
Average:       5    0.00    0.00    0.00    0.00    0.00    0.00    0.00    0.00    0.00  100.00
Average:       6    0.00    0.00    0.00    0.00    0.00    0.00    0.00    0.00    0.00  100.00
Average:       7    0.00    0.00    0.00    0.00    0.00    0.00    0.00    0.00    0.00  100.00
Average:       2    0.00    0.00    0.00    0.00    0.00    0.00    0.00    0.00    0.00  100.00
Average:       3    0.00    0.00    0.00    0.00    0.00    0.00    0.00    0.00    0.00  100.00
Average:       4    0.00    0.00    0.00    0.00    0.00    0.00    0.00    0.00    0.00  100.00
Average:       5    0.00    0.00    0.00    0.00    0.00    0.00    0.00    0.00    0.00  100.00
Average:       6    0.00    0.00    0.50    0.00    0.00    0.00    0.00    0.00    0.00   99.50
Average:       7    0.00    0.00    0.00    0.00    0.00    0.00    0.00    0.00    0.00  100.00
Average:       2    0.00    0.00    0.00    0.00    0.00    0.00    0.00    0.00    0.00  100.00
Average:       3    0.00    0.00    0.00    0.00    0.00    0.00    0.00    0.00    0.00  100.00
Average:       4    0.00    0.00    0.00    0.00    0.00    0.00    0.00    0.00    0.00  100.00
Average:       5    0.00    0.00    0.00    0.00    0.00    0.00    0.00    0.00    0.00  100.00
Average:       6    0.00    0.00    0.00    0.00    0.00    0.00    0.00    0.00    0.00  100.00
Average:       7    0.00    0.00    0.00    0.00    0.00    0.00    0.00    0.00    0.00  100.00
Average:       2    0.00    0.00    1.50    0.00    0.00    0.00    0.00    0.00    0.00   98.50
Average:       3    0.00    0.00    0.00    0.00    0.00    0.00    0.00    0.00    0.00  100.00
Average:       4    0.00    0.00    0.00    0.00    0.00    0.00    0.00    0.00    0.00  100.00
Average:       5    0.00    0.00    0.00    0.00    0.00    0.00    0.00    0.00    0.00  100.00
Average:       6    0.00    0.00    0.00    0.00    0.00    0.00    0.00    0.00    0.00  100.00
Average:       7    0.00    0.00    0.00    0.00    0.00    0.00    0.00    0.00    0.00  100.00
Average:       2    0.00    0.00    0.00    0.00    0.00    0.00    0.00    0.00    0.00  100.00
Average:       3    0.00    0.00    0.00    0.00    0.00    0.00    0.00    0.00    0.00  100.00
Average:       4    0.00    0.00    0.00    0.00    0.00    0.00    0.00    0.00    0.00  100.00
Average:       5    0.00    0.00    0.00    0.00    0.00    0.00    0.00    0.00    0.00  100.00
Average:       6    0.00    0.00    0.00    0.00    0.00    0.00    0.00    0.00    0.00  100.00
Average:       7    0.00    0.00    0.00    0.00    0.00    0.00    0.00    0.00    0.00  100.00
Average:       2    0.00    0.00    0.00    0.00    0.00    0.00    0.00    0.00    0.00  100.00
Average:       3    0.00    0.00    0.00    0.00    0.00    0.00    0.00    0.00    0.00  100.00
Average:       4    0.00    0.00    0.00    0.00    0.00    0.00    0.00    0.00    0.00  100.00
Average:       5    0.00    0.00    0.00    0.00    0.00    0.00    0.00    0.00    0.00  100.00
Average:       6    0.00    0.00    0.00    0.00    0.00    0.00    0.00    0.00    0.00  100.00
Average:       7    0.00    0.00    0.50    0.00    0.00    0.00    0.00    0.00    0.00   99.50
Average:       2    0.00    0.00    0.00    0.00    0.00    0.00    0.00    0.00    0.00  100.00
Average:       3    0.00    0.00    0.00    0.00    0.00    0.00    0.00    0.00    0.00  100.00
Average:       4   99.00    0.00    0.50    0.00    0.00    0.00    0.50    0.00    0.00    0.00
Average:       5   98.99    0.00    1.01    0.00    0.00    0.00    0.00    0.00    0.00    0.00
Average:       6  100.00    0.00    0.00    0.00    0.00    0.00    0.00    0.00    0.00    0.00
Average:       7  100.00    0.00    0.00    0.00    0.00    0.00    0.00    0.00    0.00    0.00
Average:       2    0.00    0.00    0.00    0.00    0.00    0.00    0.00    0.00    0.00  100.00
Average:       3    0.00    0.00    0.00    0.00    0.00    0.00    0.00    0.00    0.00  100.00
Average:       4   98.99    0.00    0.50    0.00    0.00    0.00    0.00    0.00    0.00    0.50
Average:       5  100.00    0.00    0.00    0.00    0.00    0.00    0.00    0.00    0.00    0.00
Average:       6   99.00    0.00    0.50    0.00    0.00    0.00    0.00    0.00    0.00    0.50
Average:       7   99.50    0.00    0.50    0.00    0.00    0.00    0.00    0.00    0.00    0.00
Average:       2    0.00    0.00    0.00    0.00    0.00    0.00    0.00    0.00    0.00  100.00
Average:       3    0.00    0.00    0.00    0.00    0.00    0.00    0.00    0.00    0.00  100.00
Average:       4   98.48    0.00    0.51    0.00    0.00    0.00    0.00    0.00    0.00    1.01
Average:       5   99.50    0.00    0.00    0.00    0.00    0.00    0.00    0.00    0.00    0.50
Average:       6  100.00    0.00    0.00    0.00    0.00    0.00    0.00    0.00    0.00    0.00
Average:       7   98.01    0.00    1.00    0.00    0.00    0.00    0.00    0.00    0.00    1.00
Average:       2    0.00    0.00    0.00    0.00    0.00    0.00    0.00    0.00    0.00  100.00
Average:       3    0.00    0.00    0.00    0.00    0.00    0.00    0.00    0.00    0.00  100.00
Average:       4   99.00    0.00    0.50    0.00    0.00    0.00    0.00    0.00    0.00    0.50
Average:       5   99.50    0.00    0.00    0.00    0.00    0.00    0.00    0.00    0.00    0.50
Average:       6   99.00    0.00    0.50    0.00    0.00    0.00    0.00    0.00    0.00    0.50
Average:       7   99.00    0.00    0.50    0.00    0.00    0.00    0.00    0.00    0.00    0.50
Average:       2    0.00    0.00    0.00    0.00    0.00    0.00    0.00    0.00    0.00  100.00
Average:       3   99.50    0.00    0.50    0.00    0.00    0.00    0.00    0.00    0.00    0.00
Average:       4    0.00    0.00    0.00    0.00    0.00    0.00    0.00    0.00    0.00  100.00
Average:       5   99.50    0.00    0.50    0.00    0.00    0.00    0.00    0.00    0.00    0.00
Average:       6   99.50    0.00    0.50    0.00    0.00    0.00    0.00    0.00    0.00    0.00
Average:       7   99.00    0.00    1.00    0.00    0.00    0.00    0.00    0.00    0.00    0.00
Average:       2   83.25    0.00    4.57    0.00    0.00    0.00    0.51    0.00    0.00   11.68
Average:       3   99.00    0.00    0.50    0.00    0.00    0.00    0.00    0.00    0.00    0.50
Average:       4    0.00    0.00    0.00    0.00    0.00    0.00    0.00    0.00    0.00  100.00
Average:       5   99.00    0.00    1.00    0.00    0.00    0.00    0.00    0.00    0.00    0.00
Average:       6   99.50    0.00    0.00    0.00    0.00    0.00    0.00    0.00    0.00    0.50
Average:       7   99.50    0.00    0.00    0.00    0.00    0.00    0.00    0.00    0.00    0.50
Average:       2    0.00    0.00    0.00    0.00    0.00    0.00    0.00    0.00    0.00  100.00
Average:       3   99.50    0.00    0.50    0.00    0.00    0.00    0.00    0.00    0.00    0.00
Average:       4    0.00    0.00    0.00    0.00    0.00    0.00    0.00    0.00    0.00  100.00
Average:       5  100.00    0.00    0.00    0.00    0.00    0.00    0.00    0.00    0.00    0.00
Average:       6   99.50    0.00    0.50    0.00    0.00    0.00    0.00    0.00    0.00    0.00
Average:       7   99.49    0.00    0.51    0.00    0.00    0.00    0.00    0.00    0.00    0.00
Average:       2   26.13    0.00   37.69    0.50    0.00    0.00    0.00    0.00    0.00   35.68
Average:       3   27.64    0.00    0.50    0.00    0.00    0.00    0.00    0.00    0.00   71.86
Average:       4    0.00    0.00    0.00    0.00    0.00    0.00    0.00    0.00    0.00  100.00
Average:       5   28.14    0.00    0.00    0.00    0.00    0.00    0.00    0.00    0.00   71.86
Average:       6   28.36    0.00    0.00    0.00    0.00    0.00    0.00    0.00    0.00   71.64
Average:       7   27.86    0.00    0.50    0.00    0.00    0.00    0.00    0.00    0.00   71.64
Average:       2    0.00    0.00    0.00    0.00    0.00    0.00    0.00    0.00    0.00  100.00
Average:       3    0.00    0.00    0.00    0.00    0.00    0.00    0.00    0.00    0.00  100.00
Average:       4    0.00    0.00    0.00    0.00    0.00    0.00    0.00    0.00    0.00  100.00
Average:       5    0.00    0.00    0.00    0.00    0.00    0.00    0.00    0.00    0.00  100.00
Average:       6    0.00    0.00    0.00    0.00    0.00    0.00    0.00    0.00    0.00  100.00
Average:       7    0.00    0.00    0.00    0.00    0.00    0.00    0.00    0.00    0.00  100.00
Average:       2    0.00    0.00    0.00    0.00    0.00    0.00    0.00    0.00    0.00  100.00
Average:       3    0.00    0.00    0.00    0.00    0.00    0.00    0.00    0.00    0.00  100.00
Average:       4    0.00    0.00    0.00    0.00    0.00    0.00    0.00    0.00    0.00  100.00
Average:       5    0.00    0.00    0.00    0.00    0.00    0.00    0.00    0.00    0.00  100.00
Average:       6    0.00    0.00    0.00    0.00    0.00    0.00    0.00    0.00    0.00  100.00
Average:       7    0.00    0.00    0.00    0.00    0.00    0.00    0.00    0.00    0.00  100.00
Average:       2    0.00    0.00    0.00    0.00    0.00    0.00    0.00    0.00    0.00  100.00
Average:       3    0.00    0.00    0.00    0.00    0.00    0.00    0.00    0.00    0.00  100.00
Average:       4    0.00    0.00    0.00    0.00    0.00    0.00    0.00    0.00    0.00  100.00
Average:       5    0.00    0.00    0.00    0.00    0.00    0.00    0.00    0.00    0.00  100.00
Average:       6    0.00    0.00    0.00    0.00    0.00    0.00    0.00    0.00    0.00  100.00
Average:       7    0.00    0.00    0.00    0.00    0.00    0.00    0.00    0.00    0.00  100.00
Average:       2    0.00    0.00    0.00    0.00    0.00    0.00    0.00    0.00    0.00  100.00
Average:       3    0.00    0.00    0.00    0.00    0.00    0.00    0.00    0.00    0.00  100.00
Average:       4    0.00    0.00    0.00    0.00    0.00    0.00    0.00    0.00    0.00  100.00
Average:       5    0.00    0.00    0.00    0.00    0.00    0.00    0.00    0.00    0.00  100.00
Average:       6    0.00    0.00    0.00    0.00    0.00    0.00    0.00    0.00    0.00  100.00
Average:       7    0.00    0.00    0.00    0.00    0.00    0.00    0.00    0.00    0.00  100.00
Average:       2    0.00    0.00    0.00    0.00    0.00    0.00    0.00    0.00    0.00  100.00
Average:       3    0.00    0.00    0.00    0.00    0.00    0.00    0.00    0.00    0.00  100.00
Average:       4    0.00    0.00    0.00    0.00    0.00    0.00    0.00    0.00    0.00  100.00
Average:       5    0.00    0.00    0.00    0.00    0.00    0.00    0.00    0.00    0.00  100.00
Average:       6    0.00    0.00    0.00    0.00    0.00    0.00    0.00    0.00    0.00  100.00
Average:       7   36.82    0.00   52.74    0.00    0.00    0.00    0.00    0.00    0.00   10.45
Average:       2    0.00    0.00    0.00    0.00    0.00    0.00    0.00    0.00    0.00  100.00
Average:       3   95.00    0.00    5.00    0.00    0.00    0.00    0.00    0.00    0.00    0.00
Average:       4    0.00    0.00    0.00    0.00    0.00    0.00    0.00    0.00    0.00  100.00
Average:       5    0.00    0.00    0.00    0.00    0.00    0.00    0.00    0.00    0.00  100.00
Average:       6    0.00    0.00    0.00    0.00    0.00    0.00    0.00    0.00    0.00  100.00
Average:       7    0.00    0.00    0.00    0.00    0.00    0.00    0.00    0.00    0.00  100.00
Average:       2    0.00    0.00    0.00    0.00    0.00    0.00    0.00    0.00    0.00  100.00
Average:       3    0.00    0.00    0.00    0.00    0.00    0.00    0.00    0.00    0.00  100.00
Average:       4   94.00    0.00    2.00    0.00    0.00    0.00    0.00    0.00    0.00    4.00
Average:       5    4.48    0.00    0.00    0.00    0.00    0.00    0.00    0.00    0.00   95.52
Average:       6   92.50    0.00    2.50    0.00    0.00    0.00    0.00    0.00    0.00    5.00
Average:       7   93.50    0.00    3.00    0.00    0.00    0.00    0.00    0.00    0.00    3.50
Average:       2    0.00    0.00    0.50    0.00    0.00    0.00    0.00    0.00    0.00   99.50
Average:       3    0.00    0.00    0.00    0.00    0.00    0.00    0.00    0.00    0.00  100.00
Average:       4    0.00    0.00    0.50    0.00    0.00    0.00    0.00    0.00    0.00   99.50
Average:       5   94.03    0.00    1.49    0.00    0.00    0.00    0.00    0.00    0.00    4.48
Average:       6    0.00    0.00    0.00    0.00    0.00    0.00    0.00    0.00    0.00  100.00
Average:       7   98.50    0.00    1.50    0.00    0.00    0.00    0.00    0.00    0.00    0.00
Average:       2   70.35    0.00    2.01    0.00    0.00    0.00    0.00    0.00    0.00   27.64
Average:       3   69.85    0.00    1.01    0.00    0.00    0.00    0.00    0.00    0.00   29.15
Average:       4   69.35    0.00    1.01    0.00    0.00    0.00    0.00    0.00    0.00   29.65
Average:       5   66.00    0.00    2.00    0.00    0.00    0.00    0.00    0.00    0.00   32.00
Average:       6    8.42    0.00    0.00    0.00    0.00    0.00    0.50    0.00    0.00   91.09
Average:       7   17.00    0.00    0.00    0.00    0.00    0.00    0.00    0.00    0.00   83.00
Average:       2   23.23    0.00    0.00    0.00    0.00    0.00    0.00    0.00    0.00   76.77
Average:       3   42.71    0.00    0.00    0.00    0.00    0.00    0.00    0.00    0.00   57.29
Average:       4   38.19    0.00    0.00    0.00    0.00    0.00    0.00    0.00    0.00   61.81
Average:       5   32.49    0.00    0.00    0.00    0.00    0.00    0.00    0.00    0.00   67.51
Average:       6   25.87    0.00    0.50    0.00    0.00    0.00    0.00    0.00    0.00   73.63
Average:       7   47.74    0.00    0.00    0.00    0.00    0.00    0.00    0.00    0.00   52.26
Average:       2   34.18    0.00    0.00    0.00    0.00    0.00    0.00    0.00    0.00   65.82
Average:       3   22.22    0.00    0.00    0.00    0.00    0.00    0.00    0.00    0.00   77.78
Average:       4   28.64    0.00    0.00    0.00    0.00    0.00    0.00    0.00    0.00   71.36
Average:       5   23.62    0.00    0.00    0.00    0.00    0.00    0.00    0.00    0.00   76.38
Average:       6   39.50    0.00    0.00    0.00    0.00    0.00    0.00    0.00    0.00   60.50
Average:       7   39.09    0.00    0.00    0.00    0.00    0.00    0.00    0.00    0.00   60.91
Average:       2    4.04    0.00    0.00    0.00    0.00    0.00    0.00    0.00    0.00   95.96
Average:       3    7.07    0.00    0.00    0.00    0.00    0.00    0.00    0.00    0.00   92.93
Average:       4    2.00    0.00    0.50    0.00    0.00    0.00    0.50    0.00    0.00   97.00
Average:       5   34.31    0.00    0.49    0.00    0.00    0.00    0.00    0.00    0.00   65.20
Average:       6   81.00    0.00    0.00    0.00    0.00    0.00    0.00    0.00    0.00   19.00
Average:       7   71.92    0.00    0.00    0.00    0.00    0.00    0.00    0.00    0.00   28.08
Average:       2    5.05    0.00    0.00    0.00    0.00    0.00    0.00    0.00    0.00   94.95
Average:       3    5.03    0.00    0.50    0.00    0.00    0.00    0.00    0.00    0.00   94.47
Average:       4   93.43    0.00    0.51    0.00    0.00    0.00    0.00    0.00    0.00    6.06
Average:       5   86.80    0.00    0.00    0.00    0.00    0.00    0.00    0.00    0.00   13.20
Average:       6   55.56    0.00    0.00    0.00    0.00    0.00    0.00    0.00    0.00   44.44
Average:       7   31.16    0.00    0.00    0.00    0.00    0.00    0.00    0.00    0.00   68.84
Average:       2   50.76    0.00    0.51    0.00    0.00    0.00    0.00    0.00    0.00   48.73
Average:       3   50.76    0.00    0.51    0.00    0.00    0.00    0.00    0.00    0.00   48.73
Average:       4    7.54    0.00    0.00    0.00    0.00    0.00    0.00    0.00    0.00   92.46
Average:       5   14.65    0.00    0.00    0.00    0.00    0.00    0.00    0.00    0.00   85.35
Average:       6   23.35    0.00    0.00    0.00    0.00    0.00    0.00    0.00    0.00   76.65
Average:       7   19.10    0.00    0.00    0.00    0.00    0.00    0.00    0.00    0.00   80.90
Average:       2   34.67    0.00    0.00    0.00    0.00    0.00    0.00    0.00    0.00   65.33
Average:       3   12.56    0.00    0.00    0.00    0.00    0.00    0.00    0.00    0.00   87.44
Average:       4   11.06    0.00    0.00    0.00    0.00    0.00    0.00    0.00    0.00   88.94
Average:       5   45.73    0.00    0.00    0.00    0.00    0.00    0.00    0.00    0.00   54.27
Average:       6   47.74    0.00    0.00    0.00    0.00    0.00    0.00    0.00    0.00   52.26
Average:       7   55.78    0.00    0.00    0.00    0.00    0.00    0.00    0.00    0.00   44.22
Average:       2   47.24    0.00    0.50    0.00    0.00    0.00    0.00    0.00    0.00   52.26
Average:       3   10.50    0.00    0.00    0.00    0.00    0.00    0.00    0.00    0.00   89.50
Average:       4   39.20    0.00    0.00    0.00    0.00    0.00    0.00    0.00    0.00   60.80
Average:       5   32.84    0.00    0.50    0.00    0.00    0.00    0.00    0.00    0.00   66.67
Average:       6   23.12    0.00    0.50    0.00    0.00    0.00    0.00    0.00    0.00   76.38
Average:       7   58.91    0.00    0.00    0.00    0.00    0.00    0.00    0.00    0.00   41.09
Average:       2   34.85    0.00    0.00    0.00    0.00    0.00    0.00    0.00    0.00   65.15
Average:       3   21.72    0.00    0.00    0.00    0.00    0.00    0.00    0.00    0.00   78.28
Average:       4    9.05    0.00    0.00    0.00    0.00    0.00    0.00    0.00    0.00   90.95
Average:       5   34.18    0.00    0.00    0.00    0.00    0.00    0.00    0.00    0.00   65.82
Average:       6   61.31    0.00    0.00    0.00    0.00    0.00    0.00    0.00    0.00   38.69
Average:       7   74.87    0.00    0.00    0.00    0.00    0.00    0.00    0.00    0.00   25.13
Average:       2   36.55    0.00    0.00    0.00    0.00    0.00    0.00    0.00    0.00   63.45
Average:       3   26.40    0.00    0.00    0.00    0.00    0.00    0.00    0.00    0.00   73.60
Average:       4   66.00    0.00    0.00    0.00    0.00    0.00    0.00    0.00    0.00   34.00
Average:       5   51.26    0.00    0.00    0.00    0.00    0.00    0.00    0.00    0.00   48.74
Average:       6   31.16    0.00    0.00    0.00    0.00    0.00    0.00    0.00    0.00   68.84
Average:       7   22.11    0.00    0.00    0.00    0.00    0.00    0.00    0.00    0.00   77.89
Average:       2    5.05    0.00    0.00    0.00    0.00    0.00    0.00    0.00    0.00   94.95
Average:       3    8.08    0.00    0.00    0.00    0.00    0.00    0.00    0.00    0.00   91.92
Average:       4   87.44    0.00    0.00    0.00    0.00    0.00    0.00    0.00    0.00   12.56
Average:       5   80.81    0.00    0.00    0.00    0.00    0.00    0.00    0.00    0.00   19.19
Average:       6   59.50    0.00    0.50    0.00    0.00    0.00    0.00    0.00    0.00   40.00
Average:       7   31.50    0.00    0.00    0.00    0.00    0.00    0.00    0.00    0.00   68.50
Average:       2   15.82    0.00    0.00    0.00    0.00    0.00    0.00    0.00    0.00   84.18
Average:       3   49.00    0.00    0.50    0.00    0.00    0.00    0.00    0.00    0.00   50.50
Average:       4   40.31    0.00    0.00    0.00    0.00    0.00    0.00    0.00    0.00   59.69
Average:       5   37.62    0.00    0.00    0.00    0.00    0.00    0.00    0.00    0.00   62.38
Average:       6   29.29    0.00    0.00    0.00    0.00    0.00    0.00    0.00    0.00   70.71
Average:       7   26.13    0.00    0.00    0.00    0.00    0.00    0.00    0.00    0.00   73.87
Average:       2   17.17    0.00    0.00    0.00    0.00    0.00    0.00    0.00    0.00   82.83
Average:       3   71.72    0.00    0.00    0.00    0.00    0.00    0.00    0.00    0.00   28.28
Average:       4   61.62    0.00    0.00    0.00    0.00    0.00    0.00    0.00    0.00   38.38
Average:       5   48.73    0.00    0.00    0.00    0.00    0.00    0.00    0.00    0.00   51.27
Average:       6   49.49    0.00    0.00    0.00    0.00    0.00    0.00    0.00    0.00   50.51
Average:       7   25.13    0.00    0.00    0.00    0.00    0.00    0.00    0.00    0.00   74.87
Average:       2   37.24    0.00    0.00    0.00    0.00    0.00    0.00    0.00    0.00   62.76
Average:       3   39.00    0.00    0.50    0.00    0.00    0.00    0.00    0.00    0.00   60.50
Average:       4   23.50    0.00    0.50    0.00    0.00    0.00    0.00    0.00    0.00   76.00
Average:       5   31.16    0.00    0.50    0.00    0.00    0.00    0.00    0.00    0.00   68.34
Average:       6   36.18    0.00    0.00    0.00    0.00    0.00    0.00    0.00    0.00   63.82
Average:       7   27.00    0.00    0.00    0.00    0.00    0.00    0.00    0.00    0.00   73.00
Average:       2   15.82    0.00    0.00    0.00    0.00    0.00    0.00    0.00    0.00   84.18
Average:       3   16.58    0.00    0.00    0.00    0.00    0.00    0.00    0.00    0.00   83.42
Average:       4    6.09    0.00    0.00    0.00    0.00    0.00    0.00    0.00    0.00   93.91
Average:       5   51.26    0.00    0.00    0.00    0.00    0.00    0.00    0.00    0.00   48.74
Average:       6   69.85    0.00    0.00    0.00    0.00    0.00    0.00    0.00    0.00   30.15
Average:       7   54.23    0.00    0.50    0.00    0.00    0.00    0.00    0.00    0.00   45.27
Average:       2   21.11    0.00    0.50    0.00    0.00    0.00    0.00    0.00    0.00   78.39
Average:       3   45.23    0.00    0.50    0.00    0.00    0.00    0.00    0.00    0.00   54.27
Average:       4   41.00    0.00    0.50    0.00    0.00    0.00    0.50    0.00    0.00   58.00
Average:       5   33.33    0.00    0.00    0.00    0.00    0.00    0.00    0.00    0.00   66.67
Average:       6   36.68    0.00    0.00    0.00    0.00    0.00    0.00    0.00    0.00   63.32
Average:       7   34.17    0.00    0.00    0.00    0.00    0.00    0.00    0.00    0.00   65.83
Average:       2   51.76    0.00    0.50    0.00    0.00    0.00    0.00    0.00    0.00   47.74
Average:       3   48.24    0.00    0.00    0.00    0.00    0.00    0.00    0.00    0.00   51.76
Average:       4   34.17    0.00    0.00    0.00    0.00    0.00    0.00    0.00    0.00   65.83
Average:       5   26.37    0.00    0.00    0.00    0.00    0.00    0.00    0.00    0.00   73.63
Average:       6   26.00    0.00    0.00    0.00    0.00    0.00    0.00    0.00    0.00   74.00
Average:       7   16.00    0.00    0.00    0.00    0.00    0.00    0.00    0.00    0.00   84.00
Average:       2   14.65    0.00    0.00    0.00    0.00    0.00    0.00    0.00    0.00   85.35
Average:       3   29.65    0.00    0.00    0.00    0.00    0.00    0.00    0.00    0.00   70.35
Average:       4   69.19    0.00    0.51    0.00    0.00    0.00    0.00    0.00    0.00   30.30
Average:       5   56.85    0.00    0.00    0.00    0.00    0.00    0.00    0.00    0.00   43.15
Average:       6   39.90    0.00    0.00    0.00    0.00    0.00    0.00    0.00    0.00   60.10
Average:       7   22.50    0.00    0.50    0.00    0.00    0.00    0.00    0.00    0.00   77.00
Average:       2   13.13    0.00    0.00    0.00    0.00    0.00    0.00    0.00    0.00   86.87
Average:       3   14.57    0.00    0.00    0.00    0.00    0.00    0.00    0.00    0.00   85.43
Average:       4    9.55    0.00    0.00    0.00    0.00    0.00    0.00    0.00    0.00   90.45
Average:       5   70.71    0.00    0.00    0.00    0.00    0.00    0.00    0.00    0.00   29.29
Average:       6   63.50    0.00    0.00    0.00    0.00    0.00    0.00    0.00    0.00   36.50
Average:       7   53.96    0.00    0.50    0.00    0.00    0.00    0.00    0.00    0.00   45.54
Average:       2    0.00    0.00    0.00    0.00    0.00    0.00    0.00    0.00    0.00  100.00
Average:       3    0.00    0.00    0.00    0.00    0.00    0.00    0.00    0.00    0.00  100.00
Average:       4    0.50    0.00    0.00    0.00    0.00    0.00    0.00    0.00    0.00   99.50
Average:       5    0.50    0.00    0.00    0.00    0.00    0.00    0.00    0.00    0.00   99.50
Average:       6    0.50    0.00    0.00    0.00    0.00    0.00    0.00    0.00    0.00   99.50
Average:       7    1.00    0.00    0.00    0.00    0.00    0.00    0.00    0.00    0.00   99.00
Average:       2    0.00    0.00    0.00    0.00    0.00    0.00    0.00    0.00    0.00  100.00
Average:       3    0.00    0.00    0.00    0.00    0.00    0.00    0.00    0.00    0.00  100.00
Average:       4    0.00    0.00    0.00    0.00    0.00    0.00    0.00    0.00    0.00  100.00
Average:       5    0.00    0.00    0.00    0.00    0.00    0.00    0.00    0.00    0.00  100.00
Average:       6    0.00    0.00    0.00    0.00    0.00    0.00    0.00    0.00    0.00  100.00
Average:       7    0.00    0.00    0.00    0.00    0.00    0.00    0.00    0.00    0.00  100.00
Average:       2    0.00    0.00    0.00    0.00    0.00    0.00    0.00    0.00    0.00  100.00
Average:       3    0.00    0.00    0.00    0.00    0.00    0.00    0.00    0.00    0.00  100.00
Average:       4    0.00    0.00    0.00    0.00    0.00    0.00    0.00    0.00    0.00  100.00
Average:       5    0.00    0.00    0.00    0.00    0.00    0.00    0.00    0.00    0.00  100.00
Average:       6    0.00    0.00    0.00    0.00    0.00    0.00    0.00    0.00    0.00  100.00
Average:       7    0.00    0.00    0.00    0.00    0.00    0.00    0.00    0.00    0.00  100.00
Average:       2    0.00    0.00    0.00    0.00    0.00    0.00    0.00    0.00    0.00  100.00
Average:       3    0.00    0.00    0.00    0.00    0.00    0.00    0.00    0.00    0.00  100.00
Average:       4    0.00    0.00    0.00    0.00    0.00    0.00    0.00    0.00    0.00  100.00
Average:       5    0.00    0.00    0.00    0.00    0.00    0.00    0.00    0.00    0.00  100.00
Average:       6    0.00    0.00    0.00    0.00    0.00    0.00    0.00    0.00    0.00  100.00
Average:       7    0.00    0.00    0.00    0.00    0.00    0.00    0.00    0.00    0.00  100.00
Average:       2    0.00    0.00    0.00    0.00    0.00    0.00    0.00    0.00    0.00  100.00
Average:       3    0.00    0.00    0.00    0.00    0.00    0.00    0.00    0.00    0.00  100.00
Average:       4    0.00    0.00    0.00    0.00    0.00    0.00    0.00    0.00    0.00  100.00
Average:       5    0.00    0.00    0.00    0.00    0.00    0.00    0.00    0.00    0.00  100.00
Average:       6    0.00    0.00    0.00    0.00    0.00    0.00    0.00    0.00    0.00  100.00
Average:       7    0.00    0.00    0.00    0.00    0.00    0.00    0.00    0.00    0.00  100.00
Average:       2    0.00    0.00    0.00    0.00    0.00    0.00    0.00    0.00    0.00  100.00
Average:       3    0.00    0.00    0.00    0.00    0.00    0.00    0.00    0.00    0.00  100.00
Average:       4    0.00    0.00    0.00    0.00    0.00    0.00    0.00    0.00    0.00  100.00
Average:       5    0.00    0.00    0.00    0.00    0.00    0.00    0.00    0.00    0.00  100.00
Average:       6    0.00    0.00    0.00    0.00    0.00    0.00    0.00    0.00    0.00  100.00
Average:       7    0.00    0.00    0.00    0.00    0.00    0.00    0.00    0.00    0.00  100.00
Average:       2    0.00    0.00    0.00    0.00    0.00    0.00    0.00    0.00    0.00  100.00
Average:       3   58.50    0.00   20.50    0.00    0.00    0.00    0.00    0.00    0.00   21.00
Average:       4    0.00    0.00    0.00    0.00    0.00    0.00    0.00    0.00    0.00  100.00
Average:       5    0.00    0.00    0.00    0.00    0.00    0.00    0.00    0.00    0.00  100.00
Average:       6    0.00    0.00    0.00    0.00    0.00    0.00    0.00    0.00    0.00  100.00
Average:       7    0.00    0.00    0.00    0.00    0.00    0.00    0.00    0.00    0.00  100.00
Average:       2    0.00    0.00    0.00    0.00    0.00    0.00    0.00    0.00    0.00  100.00
Average:       3    0.00    0.00    0.00    0.00    0.00    0.00    0.00    0.00    0.00  100.00
Average:       4    0.00    0.00    0.00    0.00    0.00    0.00    0.00    0.00    0.00  100.00
Average:       5    0.00    0.00    0.00    0.00    0.00    0.00    0.00    0.00    0.00  100.00
Average:       6    0.00    0.00    0.00    0.00    0.00    0.00    0.00    0.00    0.00  100.00
Average:       7    0.00    0.00    0.00    0.00    0.00    0.00    0.00    0.00    0.00  100.00
Average:       2    0.00    0.00    0.00    0.00    0.00    0.00    0.00    0.00    0.00  100.00
Average:       3    0.00    0.00    0.00    0.00    0.00    0.00    0.00    0.00    0.00  100.00
Average:       4    0.00    0.00    0.00    0.00    0.00    0.00    0.00    0.00    0.00  100.00
Average:       5    0.00    0.00    0.00    0.00    0.00    0.00    0.00    0.00    0.00  100.00
Average:       6    0.00    0.00    0.00    0.00    0.00    0.00    0.00    0.00    0.00  100.00
Average:       7    0.00    0.00    0.00    0.00    0.00    0.00    0.00    0.00    0.00  100.00
Average:       2    0.00    0.00    0.00    0.00    0.00    0.00    0.00    0.00    0.00  100.00
Average:       3    0.00    0.00    1.00    2.50    0.00    0.00    0.00    0.00    0.00   96.50
Average:       4    0.00    0.00    0.00    0.00    0.00    0.00    0.00    0.00    0.00  100.00
Average:       5    0.00    0.00    0.00    0.00    0.00    0.00    0.00    0.00    0.00  100.00
Average:       6    0.00    0.00    0.00    0.00    0.00    0.00    0.00    0.00    0.00  100.00
Average:       7    0.00    0.00    0.00    0.00    0.00    0.00    0.00    0.00    0.00  100.00
Average:       2    0.00    0.00    0.00    0.00    0.00    0.00    0.00    0.00    0.00  100.00
Average:       3    0.00    0.00    0.00    0.00    0.00    0.00    0.00    0.00    0.00  100.00
Average:       4    0.00    0.00    0.00    0.00    0.00    0.00    0.00    0.00    0.00  100.00
Average:       5    0.00    0.00    0.00    0.00    0.00    0.00    0.00    0.00    0.00  100.00
Average:       6    0.00    0.00    0.00    0.00    0.00    0.00    0.00    0.00    0.00  100.00
Average:       7    0.00    0.00    0.00    0.00    0.00    0.00    0.00    0.00    0.00  100.00
Average:       2    0.00    0.00    0.00    0.00    0.00    0.00    0.00    0.00    0.00  100.00
Average:       3    0.00    0.00    0.50    1.00    0.00    0.00    0.00    0.00    0.00   98.50
Average:       4    0.00    0.00    0.00    0.00    0.00    0.00    0.00    0.00    0.00  100.00
Average:       5    0.00    0.00    0.00    0.00    0.00    0.00    0.00    0.00    0.00  100.00
Average:       6    0.00    0.00    0.00    0.00    0.00    0.00    0.00    0.00    0.00  100.00
Average:       7    0.00    0.00    0.00    0.00    0.00    0.00    0.00    0.00    0.00  100.00
Average:       2    0.00    0.00    0.00    0.00    0.00    0.00    0.00    0.00    0.00  100.00
Average:       3    0.00    0.00    0.00    0.00    0.00    0.00    0.00    0.00    0.00  100.00
Average:       4    0.00    0.00    0.00    0.00    0.00    0.00    0.00    0.00    0.00  100.00
Average:       5    0.00    0.00    0.00    0.00    0.00    0.00    0.00    0.00    0.00  100.00
Average:       6    0.00    0.00    0.00    0.00    0.00    0.00    0.00    0.00    0.00  100.00
Average:       7    0.00    0.00    0.00    0.00    0.00    0.00    0.00    0.00    0.00  100.00
Average:       2    0.00    0.00    0.00    0.00    0.00    0.00    0.00    0.00    0.00  100.00
Average:       3    0.00    0.00    0.00    0.00    0.00    0.00    0.00    0.00    0.00  100.00
Average:       4    0.00    0.00    0.00    0.00    0.00    0.00    0.00    0.00    0.00  100.00
Average:       5    0.00    0.00    0.00    0.00    0.00    0.00    0.00    0.00    0.00  100.00
Average:       6    0.00    0.00    0.00    0.00    0.00    0.00    0.00    0.00    0.00  100.00
Average:       7    0.00    0.00    0.50    0.00    0.00    0.00    0.00    0.00    0.00   99.50
Average:       2    0.00    0.00    0.00    0.00    0.00    0.00    0.00    0.00    0.00  100.00
Average:       3    0.00    0.00    0.00    1.00    0.00    0.00    0.00    0.00    0.00   99.00
Average:       4    0.00    0.00    0.00    0.00    0.00    0.00    0.00    0.00    0.00  100.00
Average:       5    0.00    0.00    0.00    0.00    0.00    0.00    0.00    0.00    0.00  100.00
Average:       6    0.00    0.00    0.00    0.00    0.00    0.00    0.00    0.00    0.00  100.00
Average:       7    0.00    0.00    0.00    0.00    0.00    0.00    0.00    0.00    0.00  100.00
Average:       2    0.00    0.00    0.00    0.00    0.00    0.00    0.00    0.00    0.00  100.00
Average:       3    0.00    0.00    0.00    0.00    0.00    0.00    0.00    0.00    0.00  100.00
Average:       4    0.00    0.00    0.00    0.00    0.00    0.00    0.00    0.00    0.00  100.00
Average:       5    0.00    0.00    0.00    0.00    0.00    0.00    0.00    0.00    0.00  100.00
Average:       6    0.50    0.00    0.00    0.00    0.00    0.00    0.00    0.00    0.00   99.50
Average:       7    0.00    0.00    0.00    0.00    0.00    0.00    0.00    0.00    0.00  100.00
Average:       2    0.00    0.00    0.00    0.00    0.00    0.00    0.00    0.00    0.00  100.00
Average:       3    0.00    0.00    0.50    1.50    0.00    0.00    0.00    0.00    0.00   98.00
Average:       4    0.00    0.00    0.00    0.00    0.00    0.00    0.00    0.00    0.00  100.00
Average:       5    0.00    0.00    0.00    0.00    0.00    0.00    0.00    0.00    0.00  100.00
Average:       6    0.00    0.00    0.00    0.00    0.00    0.00    0.00    0.00    0.00  100.00
Average:       7    0.00    0.00    0.00    0.00    0.00    0.00    0.00    0.00    0.00  100.00
Average:       2    0.00    0.00    0.00    0.00    0.00    0.00    0.00    0.00    0.00  100.00
Average:       3    0.00    0.00    0.00    0.00    0.00    0.00    0.00    0.00    0.00  100.00
Average:       4    0.00    0.00    0.00    0.00    0.00    0.00    0.00    0.00    0.00  100.00
Average:       5    0.00    0.00    0.00    0.00    0.00    0.00    0.00    0.00    0.00  100.00
Average:       6    0.00    0.00    0.00    0.00    0.00    0.00    0.00    0.00    0.00  100.00
Average:       7    0.00    0.00    0.00    0.00    0.00    0.00    0.00    0.00    0.00  100.00
Average:       2    0.00    0.00    0.00    0.00    0.00    0.00    0.00    0.00    0.00  100.00
Average:       3    0.00    0.00    0.50    0.00    0.00    0.00    0.00    0.00    0.00   99.50
Average:       4    0.00    0.00    6.50    0.00    0.00    0.00    0.00    0.00    0.00   93.50
Average:       5    0.00    0.00    0.00    0.00    0.00    0.00    0.00    0.00    0.00  100.00
Average:       6    0.00    0.00    1.49    0.00    0.00    0.00    0.00    0.00    0.00   98.51
Average:       7    0.00    0.00    0.00    0.00    0.00    0.00    0.00    0.00    0.00  100.00
