Average:     CPU    %usr   %nice    %sys %iowait    %irq   %soft  %steal  %guest   %idle
Average:     all   83.60    0.00    0.63    2.75    0.00    0.00    0.13    0.00   12.89
Average:       0   89.50    0.00    1.50    7.50    0.00    0.00    0.50    0.00    1.00
Average:       1   82.32    0.00    0.00    1.52    0.00    0.00    0.00    0.00   16.16
Average:       2   82.00    0.00    0.50    0.50    0.00    0.00    0.00    0.00   17.00
Average:       3   81.41    0.00    0.50    1.01    0.00    0.00    0.00    0.00   17.09
Average:     CPU    %usr   %nice    %sys %iowait    %irq   %soft  %steal  %guest   %idle
Average:     all   99.38    0.00    0.62    0.00    0.00    0.00    0.00    0.00    0.00
Average:       0   98.99    0.00    1.01    0.00    0.00    0.00    0.00    0.00    0.00
Average:       1   99.50    0.00    0.50    0.00    0.00    0.00    0.00    0.00    0.00
Average:       2  100.00    0.00    0.00    0.00    0.00    0.00    0.00    0.00    0.00
Average:       3   99.00    0.00    1.00    0.00    0.00    0.00    0.00    0.00    0.00
Average:     CPU    %usr   %nice    %sys %iowait    %irq   %soft  %steal  %guest   %idle
Average:     all   98.62    0.00    0.38    0.00    0.00    0.00    0.00    0.00    1.00
Average:       0   98.49    0.00    0.50    0.00    0.00    0.00    0.00    0.00    1.01
Average:       1   99.50    0.00    0.50    0.00    0.00    0.00    0.00    0.00    0.00
Average:       2  100.00    0.00    0.00    0.00    0.00    0.00    0.00    0.00    0.00
Average:       3   96.50    0.00    0.50    0.00    0.00    0.00    0.00    0.00    3.00
Average:     CPU    %usr   %nice    %sys %iowait    %irq   %soft  %steal  %guest   %idle
Average:     all   91.01    0.00    0.75    0.62    0.00    0.00    0.00    0.00    7.62
Average:       0   96.98    0.00    1.01    1.01    0.00    0.00    0.00    0.00    1.01
Average:       1   89.50    0.00    0.50    0.00    0.00    0.00    0.00    0.00   10.00
Average:       2   89.00    0.00    0.50    0.00    0.00    0.00    0.00    0.00   10.50
Average:       3   89.05    0.00    1.00    1.00    0.00    0.00    0.00    0.00    8.96
Average:     CPU    %usr   %nice    %sys %iowait    %irq   %soft  %steal  %guest   %idle
Average:     all   99.38    0.00    0.62    0.00    0.00    0.00    0.00    0.00    0.00
Average:       0   99.00    0.00    1.00    0.00    0.00    0.00    0.00    0.00    0.00
Average:       1   99.50    0.00    0.50    0.00    0.00    0.00    0.00    0.00    0.00
Average:       2   99.50    0.00    0.50    0.00    0.00    0.00    0.00    0.00    0.00
Average:       3   99.50    0.00    0.50    0.00    0.00    0.00    0.00    0.00    0.00
Average:     CPU    %usr   %nice    %sys %iowait    %irq   %soft  %steal  %guest   %idle
Average:     all   99.75    0.00    0.25    0.00    0.00    0.00    0.00    0.00    0.00
Average:       0   99.50    0.00    0.50    0.00    0.00    0.00    0.00    0.00    0.00
Average:       1  100.00    0.00    0.00    0.00    0.00    0.00    0.00    0.00    0.00
Average:       2  100.00    0.00    0.00    0.00    0.00    0.00    0.00    0.00    0.00
Average:       3  100.00    0.00    0.00    0.00    0.00    0.00    0.00    0.00    0.00
Average:     CPU    %usr   %nice    %sys %iowait    %irq   %soft  %steal  %guest   %idle
Average:     all   83.44    0.00    2.01    1.38    0.00    0.00    0.13    0.00   13.05
Average:       0   88.06    0.00    3.98    4.48    0.00    0.00    0.00    0.00    3.48
Average:       1   78.89    0.00    2.01    0.00    0.00    0.00    0.00    0.00   19.10
Average:       2   84.42    0.00    1.01    1.51    0.00    0.00    0.50    0.00   12.56
Average:       3   82.00    0.00    1.50    0.00    0.00    0.00    0.00    0.00   16.50
