Average:     CPU    %usr   %nice    %sys %iowait    %irq   %soft  %steal  %guest   %idle
Average:     all   11.14    0.00    4.26    6.51    0.00    0.50    0.00    0.00   77.60
Average:       0   44.22    0.00   10.55   24.12    0.00    0.00    0.00    0.00   21.11
Average:       1    0.50    0.00    5.00    1.00    0.00    2.00    0.00    0.00   91.50
Average:       2    0.00    0.00    1.00    0.50    0.00    0.00    0.00    0.00   98.50
Average:       3    0.00    0.00    0.50    0.00    0.00    0.00    0.00    0.00   99.50
Average:     CPU    %usr   %nice    %sys %iowait    %irq   %soft  %steal  %guest   %idle
Average:     all    3.88    0.00    1.75    1.63    0.00    0.00    0.00    0.00   92.73
Average:       0   15.08    0.00    4.02    6.03    0.00    0.00    0.00    0.00   74.87
Average:       1    0.00    0.00    1.00    0.00    0.00    0.00    0.00    0.00   99.00
Average:       2    0.00    0.00    1.00    0.50    0.00    0.00    0.00    0.00   98.50
Average:       3    0.50    0.00    1.50    0.00    0.00    0.00    0.00    0.00   98.00
Average:     CPU    %usr   %nice    %sys %iowait    %irq   %soft  %steal  %guest   %idle
Average:     all    0.00    0.00    0.50    0.00    0.00    0.00    0.00    0.00   99.50
Average:       0    0.00    0.00    0.50    0.00    0.00    0.00    0.00    0.00   99.50
Average:       1    0.00    0.00    0.50    0.00    0.00    0.00    0.00    0.00   99.50
Average:       2    0.00    0.00    0.99    0.00    0.00    0.00    0.00    0.00   99.01
Average:       3    0.00    0.00    0.50    0.00    0.00    0.00    0.00    0.00   99.50
Average:     CPU    %usr   %nice    %sys %iowait    %irq   %soft  %steal  %guest   %idle
Average:     all    0.12    0.00    0.62    0.00    0.00    0.00    0.00    0.00   99.25
Average:       0    0.00    0.00    1.49    0.00    0.00    0.00    0.00    0.00   98.51
Average:       1    0.00    0.00    0.50    0.00    0.00    0.00    0.00    0.00   99.50
Average:       2    0.50    0.00    0.50    0.00    0.00    0.00    0.00    0.00   99.00
Average:       3    0.00    0.00    0.50    0.00    0.00    0.00    0.00    0.00   99.50
Average:     CPU    %usr   %nice    %sys %iowait    %irq   %soft  %steal  %guest   %idle
Average:     all    0.12    0.00    0.62    0.00    0.00    0.00    0.00    0.00   99.25
Average:       0    0.50    0.00    0.00    0.00    0.00    0.00    0.00    0.00   99.50
Average:       1    0.00    0.00    0.50    0.00    0.00    0.00    0.00    0.00   99.50
Average:       2    0.00    0.00    0.50    0.00    0.00    0.00    0.00    0.00   99.50
Average:       3    0.50    0.00    0.50    0.00    0.00    0.00    0.00    0.00   99.00
Average:     CPU    %usr   %nice    %sys %iowait    %irq   %soft  %steal  %guest   %idle
Average:     all    0.13    0.00    0.38    0.00    0.00    0.00    0.00    0.00   99.50
Average:       0    0.00    0.00    0.50    0.00    0.00    0.00    0.00    0.00   99.50
Average:       1    0.00    0.00    0.00    0.00    0.00    0.00    0.00    0.00  100.00
Average:       2    0.00    0.00    0.50    0.50    0.00    0.00    0.00    0.00   99.00
Average:       3    0.00    0.00    0.50    0.00    0.00    0.00    0.00    0.00   99.50
Average:     CPU    %usr   %nice    %sys %iowait    %irq   %soft  %steal  %guest   %idle
Average:     all    0.12    0.00    0.38    0.00    0.00    0.00    0.00    0.00   99.50
Average:       0    0.00    0.00    0.50    0.00    0.00    0.00    0.00    0.00   99.50
Average:       1    0.50    0.00    0.50    0.00    0.00    0.00    0.00    0.00   99.00
Average:       2    0.00    0.00    0.00    0.00    0.00    0.00    0.00    0.00  100.00
Average:       3    0.00    0.00    0.50    0.00    0.00    0.00    0.00    0.00   99.50
Average:     CPU    %usr   %nice    %sys %iowait    %irq   %soft  %steal  %guest   %idle
Average:     all    0.13    0.00    0.38    0.00    0.00    0.00    0.00    0.00   99.50
Average:       0    0.00    0.00    0.50    0.00    0.00    0.00    0.00    0.00   99.50
Average:       1    0.50    0.00    0.50    0.00    0.00    0.00    0.00    0.00   99.00
Average:       2    0.00    0.00    0.00    0.00    0.00    0.00    0.00    0.00  100.00
Average:       3    0.00    0.00    0.50    0.00    0.00    0.00    0.00    0.00   99.50
Average:     CPU    %usr   %nice    %sys %iowait    %irq   %soft  %steal  %guest   %idle
Average:     all    0.00    0.00    0.13    0.00    0.00    0.00    0.00    0.00   99.87
Average:       0    0.00    0.00    0.50    0.00    0.00    0.00    0.00    0.00   99.50
Average:       1    0.00    0.00    0.50    0.00    0.00    0.00    0.00    0.00   99.50
Average:       2    0.00    0.00    0.00    0.00    0.00    0.00    0.00    0.00  100.00
Average:       3    0.00    0.00    0.00    0.00    0.00    0.00    0.00    0.00  100.00
Average:     CPU    %usr   %nice    %sys %iowait    %irq   %soft  %steal  %guest   %idle
Average:     all    0.00    0.00    0.12    0.00    0.00    0.00    0.00    0.00   99.88
Average:       0    0.00    0.00    0.00    0.00    0.00    0.00    0.00    0.00  100.00
Average:       1    0.00    0.00    0.00    0.00    0.00    0.00    0.00    0.00  100.00
Average:       2    0.50    0.00    0.50    0.00    0.00    0.00    0.00    0.00   99.00
Average:       3    0.00    0.00    0.00    0.00    0.00    0.00    0.00    0.00  100.00
Average:     CPU    %usr   %nice    %sys %iowait    %irq   %soft  %steal  %guest   %idle
Average:     all    0.00    0.00    0.00    0.00    0.00    0.00    0.00    0.00  100.00
Average:       0    0.00    0.00    0.00    0.00    0.00    0.00    0.00    0.00  100.00
Average:       1    0.00    0.00    0.00    0.00    0.00    0.00    0.00    0.00  100.00
Average:       2    0.00    0.00    0.00    0.00    0.00    0.00    0.00    0.00  100.00
Average:       3    0.00    0.00    0.00    0.00    0.00    0.00    0.00    0.00  100.00
