Average:       2    1.02    0.00    0.00    0.00    0.00    0.00    0.00    0.00    0.00   98.98
Average:       3    1.51    0.00    0.50    0.00    0.00    0.00    0.00    0.00    0.00   97.99
Average:       4    0.00    0.00    0.50    0.00    0.00    0.00    0.00    0.00    0.00   99.50
Average:       5    0.00    0.00    0.00    0.00    0.00    0.00    0.00    0.00    0.00  100.00
Average:       6    0.00    0.00    0.00    0.00    0.00    0.00    0.00    0.00    0.00  100.00
Average:       7    0.00    0.00    0.00    0.00    0.00    0.00    0.00    0.00    0.00  100.00
Average:       2   58.88    0.00    1.02    0.00    0.00    0.00    0.00    0.00    0.00   40.10
Average:       3    3.05    0.00    1.52    0.00    0.00    0.00    0.00    0.00    0.00   95.43
Average:       4    0.00    0.00    0.50    0.00    0.00    0.00    0.00    0.00    0.00   99.50
Average:       5    0.00    0.00    0.51    0.00    0.00    0.00    0.00    0.00    0.00   99.49
Average:       6    0.00    0.00    0.00    0.00    0.00    0.00    0.00    0.00    0.00  100.00
Average:       7    0.00    0.00    0.00    0.00    0.00    0.00    0.00    0.00    0.00  100.00
Average:       2   31.31    0.00    0.51    0.00    0.00    0.00    0.00    0.00    0.00   68.18
Average:       3    0.00    0.00    0.00    0.00    0.00    0.00    0.00    0.00    0.00  100.00
Average:       4    0.00    0.00    0.00    0.00    0.00    0.00    0.00    0.00    0.00  100.00
Average:       5    0.00    0.00    0.00    0.00    0.00    0.00    0.00    0.00    0.00  100.00
Average:       6    0.00    0.00    0.00    0.00    0.00    0.00    0.00    0.00    0.00  100.00
Average:       7   99.50    0.00    0.50    0.00    0.00    0.00    0.00    0.00    0.00    0.00
Average:       2   54.04    0.00    1.01    0.00    0.00    0.00    0.00    0.00    0.00   44.95
Average:       3    3.52    0.00    0.00    0.00    0.00    0.00    0.50    0.00    0.00   95.98
Average:       4    0.00    0.00    0.00    0.00    0.00    0.00    0.00    0.00    0.00  100.00
Average:       5    0.00    0.00    0.00    0.00    0.00    0.00    0.00    0.00    0.00  100.00
Average:       6    0.00    0.00    0.00    0.00    0.00    0.00    0.00    0.00    0.00  100.00
Average:       7   99.50    0.00    0.50    0.00    0.00    0.00    0.00    0.00    0.00    0.00
Average:       2    1.01    0.00    0.00    0.00    0.00    0.00    0.51    0.00    0.00   98.48
Average:       3    2.00    0.00    0.50    0.00    0.00    0.00    0.00    0.00    0.00   97.50
Average:       4    0.00    0.00    0.00    0.00    0.00    0.00    0.00    0.00    0.00  100.00
Average:       5    0.00    0.00    0.00    0.00    0.00    0.00    0.00    0.00    0.00  100.00
Average:       6    0.00    0.00    0.00    0.00    0.00    0.00    0.00    0.00    0.00  100.00
Average:       7   99.50    0.00    0.50    0.00    0.00    0.00    0.00    0.00    0.00    0.00
Average:       2    0.51    0.00    0.00    0.00    0.00    0.00    0.00    0.00    0.00   99.49
Average:       3    1.02    0.00    0.00    0.00    0.00    0.00    0.00    0.00    0.00   98.98
Average:       4    0.00    0.00    0.00    0.00    0.00    0.00    0.00    0.00    0.00  100.00
Average:       5    0.00    0.00    0.00    0.00    0.00    0.00    0.00    0.00    0.00  100.00
Average:       6    0.00    0.00    0.50    0.00    0.00    0.00    0.00    0.00    0.00   99.50
Average:       7   98.50    0.00    1.00    0.00    0.00    0.00    0.00    0.00    0.00    0.50
Average:       2    2.55    0.00    0.00    0.00    0.00    0.00    0.00    0.00    0.00   97.45
Average:       3    0.00    0.00    0.00    0.00    0.00    0.00    0.00    0.00    0.00  100.00
Average:       4    0.00    0.00    0.00    0.00    0.00    0.00    0.00    0.00    0.00  100.00
Average:       5    0.00    0.00    0.00    0.00    0.00    0.00    0.00    0.00    0.00  100.00
Average:       6    0.00    0.00    0.00    0.00    0.00    0.00    0.00    0.00    0.00  100.00
Average:       7   98.01    0.00    0.50    0.00    0.00    0.00    0.00    0.00    0.00    1.49
Average:       2   59.30    0.00    1.51    0.00    0.00    0.00    0.00    0.00    0.00   39.20
Average:       3    0.00    0.00    0.00    0.00    0.00    0.00    0.00    0.00    0.00  100.00
Average:       4    0.00    0.00    0.00    0.00    0.00    0.00    0.00    0.00    0.00  100.00
Average:       5    0.00    0.00    0.00    0.00    0.00    0.00    0.00    0.00    0.00  100.00
Average:       6    0.00    0.00    0.00    0.00    0.00    0.00    0.00    0.00    0.00  100.00
Average:       7   99.50    0.00    0.50    0.00    0.00    0.00    0.00    0.00    0.00    0.00
Average:       2    1.01    0.00    0.00    0.00    0.00    0.00    0.00    0.00    0.00   98.99
Average:       3    2.01    0.00    0.00    0.00    0.00    0.00    0.00    0.00    0.00   97.99
Average:       4    0.00    0.00    0.00    0.00    0.00    0.00    0.00    0.00    0.00  100.00
Average:       5    0.00    0.00    0.00    0.00    0.00    0.00    0.00    0.00    0.00  100.00
Average:       6    0.00    0.00    0.00    0.00    0.00    0.00    0.00    0.00    0.00  100.00
Average:       7  100.00    0.00    0.00    0.00    0.00    0.00    0.00    0.00    0.00    0.00
Average:       2   59.69    0.00    1.02    0.00    0.00    0.00    0.00    0.00    0.00   39.29
Average:       3    4.02    0.00    0.50    0.00    0.00    0.00    0.50    0.00    0.00   94.97
Average:       4    0.00    0.00    0.00    0.00    0.00    0.00    0.00    0.00    0.00  100.00
Average:       5    0.00    0.00    0.00    0.00    0.00    0.00    0.00    0.00    0.00  100.00
Average:       6    0.00    0.00    0.00    0.00    0.00    0.00    0.00    0.00    0.00  100.00
Average:       7    0.00    0.00    0.00    0.00    0.00    0.00    0.00    0.00    0.00  100.00
Average:       2   59.80    0.00    1.01    0.00    0.00    0.00    0.00    0.00    0.00   39.20
Average:       3    2.55    0.00    0.00    0.51    0.00    0.00    0.51    0.00    0.00   96.43
Average:       4    0.00    0.00    0.00    0.00    0.00    0.00    0.00    0.00    0.00  100.00
Average:       5    0.00    0.00    0.00    0.00    0.00    0.00    0.00    0.00    0.00  100.00
Average:       6    0.00    0.00    0.50    0.00    0.00    0.00    0.00    0.00    0.00   99.50
Average:       7    0.00    0.00    0.00    0.00    0.00    0.00    0.00    0.00    0.00  100.00
Average:       2    0.00    0.00    0.00    1.50    0.00    0.00    0.00    0.00    0.00   98.50
Average:       3    0.00    0.00    0.00    0.00    0.00    0.00    0.00    0.00    0.00  100.00
Average:       4    0.00    0.00    0.00    0.00    0.00    0.00    0.00    0.00    0.00  100.00
Average:       5    0.00    0.00    0.00    0.00    0.00    0.00    0.00    0.00    0.00  100.00
Average:       6   59.30    0.00    1.01    0.00    0.00    0.00    0.00    0.00    0.00   39.70
Average:       7    0.51    0.00    0.00    0.00    0.00    0.00    0.00    0.00    0.00   99.49
Average:       2    2.01    0.00    0.00    0.00    0.00    0.00    0.00    0.00    0.00   97.99
Average:       3   88.00    0.00    1.00    0.00    0.00    0.00    0.00    0.00    0.00   11.00
Average:       4    0.00    0.00    0.00    0.00    0.00    0.00    0.00    0.00    0.00  100.00
Average:       5    0.50    0.00    0.00    0.00    0.00    0.00    0.00    0.00    0.00   99.50
Average:       6    5.03    0.00    0.00    0.00    0.00    0.00    0.00    0.00    0.00   94.97
Average:       7    0.00    0.00    0.00    0.00    0.00    0.00    0.00    0.00    0.00  100.00
Average:       2    0.00    0.00    0.50    0.00    0.00    0.00    0.00    0.00    0.00   99.50
Average:       3   47.74    0.00    1.51    0.00    0.00    0.00    0.00    0.00    0.00   50.75
Average:       4   40.20    0.00    1.51    0.00    0.00    0.00    0.00    0.00    0.00   58.29
Average:       5    5.97    0.00    1.49    0.50    0.00    0.00    0.00    0.00    0.00   92.04
Average:       6    7.50    0.00    0.50    0.00    0.00    0.00    0.00    0.00    0.00   92.00
Average:       7    5.03    0.00    0.50    0.00    0.00    0.00    0.00    0.00    0.00   94.47
