Average:     CPU    %usr   %nice    %sys %iowait    %irq   %soft  %steal  %guest  %gnice   %idle
Average:     all    6.50    0.00   17.88    0.88    0.00    0.00    0.00    0.00    0.00   74.75
Average:       0   26.00    0.00   70.50    3.50    0.00    0.00    0.00    0.00    0.00    0.00
Average:       1    0.00    0.00    0.00    0.00    0.00    0.00    0.00    0.00    0.00  100.00
Average:       2    0.00    0.00    0.50    0.00    0.00    0.00    0.00    0.00    0.00   99.50
Average:       3    0.00    0.00    0.50    0.00    0.00    0.00    0.00    0.00    0.00   99.50
Average:     CPU    %usr   %nice    %sys %iowait    %irq   %soft  %steal  %guest  %gnice   %idle
Average:     all    6.12    0.00   19.10    0.00    0.00    0.00    0.00    0.00    0.00   74.78
Average:       0   24.12    0.00   75.88    0.00    0.00    0.00    0.00    0.00    0.00    0.00
Average:       1    0.00    0.00    0.00    0.00    0.00    0.00    0.00    0.00    0.00  100.00
Average:       2    0.00    0.00    0.50    0.00    0.00    0.00    0.00    0.00    0.00   99.50
Average:       3    0.00    0.00    0.00    0.00    0.00    0.00    0.00    0.00    0.00  100.00
Average:     CPU    %usr   %nice    %sys %iowait    %irq   %soft  %steal  %guest  %gnice   %idle
Average:     all   25.06    0.00    0.25    0.00    0.00    0.00    0.00    0.00    0.00   74.69
Average:       0  100.00    0.00    0.00    0.00    0.00    0.00    0.00    0.00    0.00    0.00
Average:       1    0.00    0.00    0.00    0.00    0.00    0.00    0.00    0.00    0.00  100.00
Average:       2    0.00    0.00    0.50    0.00    0.00    0.00    0.00    0.00    0.00   99.50
Average:       3    0.00    0.00    0.00    0.00    0.00    0.00    0.00    0.00    0.00  100.00
Average:     CPU    %usr   %nice    %sys %iowait    %irq   %soft  %steal  %guest  %gnice   %idle
Average:     all   25.03    0.00    0.13    0.00    0.00    0.00    0.00    0.00    0.00   74.84
Average:       0  100.00    0.00    0.00    0.00    0.00    0.00    0.00    0.00    0.00    0.00
Average:       1    0.00    0.00    0.00    0.00    0.00    0.00    0.00    0.00    0.00  100.00
Average:       2    0.00    0.00    0.00    0.00    0.00    0.00    0.00    0.00    0.00  100.00
Average:       3    0.00    0.00    0.00    0.00    0.00    0.00    0.00    0.00    0.00  100.00
Average:     CPU    %usr   %nice    %sys %iowait    %irq   %soft  %steal  %guest  %gnice   %idle
Average:     all   25.00    0.00    0.12    0.00    0.00    0.00    0.00    0.00    0.00   74.88
Average:       0  100.00    0.00    0.00    0.00    0.00    0.00    0.00    0.00    0.00    0.00
Average:       1    0.00    0.00    0.50    0.00    0.00    0.00    0.00    0.00    0.00   99.50
Average:       2    0.00    0.00    0.00    0.00    0.00    0.00    0.00    0.00    0.00  100.00
Average:       3    0.00    0.00    0.00    0.00    0.00    0.00    0.00    0.00    0.00  100.00
Average:     CPU    %usr   %nice    %sys %iowait    %irq   %soft  %steal  %guest  %gnice   %idle
Average:     all   25.00    0.00    0.12    0.00    0.00    0.00    0.00    0.00    0.00   74.88
Average:       0  100.00    0.00    0.00    0.00    0.00    0.00    0.00    0.00    0.00    0.00
Average:       1    0.50    0.00    0.00    0.00    0.00    0.00    0.00    0.00    0.00   99.50
Average:       2    0.00    0.00    0.50    0.00    0.00    0.00    0.00    0.00    0.00   99.50
Average:       3    0.00    0.00    0.00    0.00    0.00    0.00    0.00    0.00    0.00  100.00
Average:     CPU    %usr   %nice    %sys %iowait    %irq   %soft  %steal  %guest  %gnice   %idle
Average:     all   25.00    0.00    0.12    0.00    0.00    0.00    0.00    0.00    0.00   74.88
Average:       0   99.50    0.00    0.50    0.00    0.00    0.00    0.00    0.00    0.00    0.00
Average:       1    0.00    0.00    0.00    0.00    0.00    0.00    0.00    0.00    0.00  100.00
Average:       2    0.00    0.00    0.00    0.00    0.00    0.00    0.00    0.00    0.00  100.00
Average:       3    0.00    0.00    0.50    0.00    0.00    0.00    0.00    0.00    0.00   99.50
Average:     CPU    %usr   %nice    %sys %iowait    %irq   %soft  %steal  %guest  %gnice   %idle
Average:     all   24.88    0.00    0.25    0.00    0.00    0.00    0.00    0.00    0.00   74.88
Average:       0   99.50    0.00    0.50    0.00    0.00    0.00    0.00    0.00    0.00    0.00
Average:       1    0.00    0.00    0.00    0.00    0.00    0.00    0.00    0.00    0.00  100.00
Average:       2    0.00    0.00    0.00    0.00    0.00    0.00    0.00    0.00    0.00  100.00
Average:       3    0.00    0.00    0.50    0.00    0.00    0.00    0.00    0.00    0.00   99.50
Average:     CPU    %usr   %nice    %sys %iowait    %irq   %soft  %steal  %guest  %gnice   %idle
Average:     all   25.00    0.00    0.25    0.00    0.00    0.00    0.00    0.00    0.00   74.75
Average:       0  100.00    0.00    0.00    0.00    0.00    0.00    0.00    0.00    0.00    0.00
Average:       1    0.00    0.00    0.00    0.00    0.00    0.00    0.00    0.00    0.00  100.00
Average:       2    0.00    0.00    0.50    0.00    0.00    0.00    0.00    0.00    0.00   99.50
Average:       3    0.00    0.00    0.00    0.00    0.00    0.00    0.00    0.00    0.00  100.00
Average:     CPU    %usr   %nice    %sys %iowait    %irq   %soft  %steal  %guest  %gnice   %idle
Average:     all   25.00    0.00    0.12    0.00    0.00    0.00    0.00    0.00    0.00   74.88
Average:       0  100.00    0.00    0.00    0.00    0.00    0.00    0.00    0.00    0.00    0.00
Average:       1    0.00    0.00    0.00    0.00    0.00    0.00    0.00    0.00    0.00  100.00
Average:       2    0.00    0.00    0.00    0.00    0.00    0.00    0.00    0.00    0.00  100.00
Average:       3    0.00    0.00    0.00    0.00    0.00    0.00    0.00    0.00    0.00  100.00
Average:     CPU    %usr   %nice    %sys %iowait    %irq   %soft  %steal  %guest  %gnice   %idle
Average:     all   25.09    0.00    0.12    0.00    0.00    0.00    0.00    0.00    0.00   74.78
Average:       0  100.00    0.00    0.00    0.00    0.00    0.00    0.00    0.00    0.00    0.00
Average:       1    0.50    0.00    0.50    0.00    0.00    0.00    0.00    0.00    0.00   99.01
Average:       2    0.00    0.00    0.00    0.00    0.00    0.00    0.00    0.00    0.00  100.00
Average:       3    0.00    0.00    0.00    0.00    0.00    0.00    0.00    0.00    0.00  100.00
Average:     CPU    %usr   %nice    %sys %iowait    %irq   %soft  %steal  %guest  %gnice   %idle
Average:     all   25.00    0.00    0.12    0.00    0.00    0.00    0.00    0.00    0.00   74.88
Average:       0   99.50    0.00    0.50    0.00    0.00    0.00    0.00    0.00    0.00    0.00
Average:       1    0.00    0.00    0.50    0.00    0.00    0.00    0.00    0.00    0.00   99.50
Average:       2    0.00    0.00    0.00    0.00    0.00    0.00    0.00    0.00    0.00  100.00
Average:       3    0.00    0.00    0.00    0.00    0.00    0.00    0.00    0.00    0.00  100.00
Average:     CPU    %usr   %nice    %sys %iowait    %irq   %soft  %steal  %guest  %gnice   %idle
Average:     all   25.00    0.00    0.12    0.00    0.00    0.00    0.00    0.00    0.00   74.88
Average:       0  100.00    0.00    0.00    0.00    0.00    0.00    0.00    0.00    0.00    0.00
Average:       1    0.00    0.00    0.00    0.00    0.00    0.00    0.00    0.00    0.00  100.00
Average:       2    0.50    0.00    0.00    0.00    0.00    0.00    0.00    0.00    0.00   99.50
Average:       3    0.50    0.00    0.00    0.00    0.00    0.00    0.00    0.00    0.00   99.50
Average:     CPU    %usr   %nice    %sys %iowait    %irq   %soft  %steal  %guest  %gnice   %idle
Average:     all    0.00    0.00    2.77   60.61    0.00    0.00    0.14    0.00    0.00   36.48
Average:       0    0.00    0.00    9.09   90.34    0.00    0.00    0.57    0.00    0.00    0.00
Average:       1    0.00    0.00    1.06   95.24    0.00    0.00    0.00    0.00    0.00    3.70
Average:       2    0.00    0.00    1.25   56.25    0.00    0.00    0.00    0.00    0.00   42.50
Average:       3    0.00    0.00    0.00    4.08    0.00    0.00    0.00    0.00    0.00   95.92
Average:     CPU    %usr   %nice    %sys %iowait    %irq   %soft  %steal  %guest  %gnice   %idle
Average:     all    0.00    0.00    5.79   63.36    0.00    0.00    0.28    0.00    0.00   30.58
Average:       0    0.00    0.00   12.21   86.63    0.00    0.00    0.58    0.00    0.00    0.58
Average:       1    0.00    0.00    1.13   66.10    0.00    0.00    0.00    0.00    0.00   32.77
Average:       2    0.00    0.00    6.28   78.01    0.00    0.00    0.00    0.00    0.00   15.71
Average:       3    0.00    0.00    2.73   24.59    0.00    0.00    0.00    0.00    0.00   72.68
Average:     CPU    %usr   %nice    %sys %iowait    %irq   %soft  %steal  %guest  %gnice   %idle
Average:     all    0.00    0.00   15.09   26.47    0.00    0.00    0.13    0.00    0.00   58.31
Average:       0    0.00    0.00   48.63   50.82    0.00    0.00    0.55    0.00    0.00    0.00
Average:       1    0.00    0.00   12.44   36.82    0.00    0.00    0.50    0.00    0.00   50.25
Average:       2    0.00    0.00    0.50    0.00    0.00    0.00    0.00    0.00    0.00   99.50
Average:       3    0.00    0.00    1.50   20.00    0.00    0.00    0.00    0.00    0.00   78.50
Average:     CPU    %usr   %nice    %sys %iowait    %irq   %soft  %steal  %guest  %gnice   %idle
Average:     all    0.00    0.00   11.63   42.88    0.00    0.00    0.13    0.00    0.00   45.36
Average:       0    0.00    0.00   19.32   80.11    0.00    0.00    0.57    0.00    0.00    0.00
Average:       1    0.00    0.00   21.47   49.21    0.00    0.00    0.00    0.00    0.00   29.32
Average:       2    0.00    0.00    1.50    1.00    0.00    0.00    0.00    0.00    0.00   97.50
Average:       3    0.00    0.00    5.56   45.96    0.00    0.00    0.00    0.00    0.00   48.48
Average:     CPU    %usr   %nice    %sys %iowait    %irq   %soft  %steal  %guest  %gnice   %idle
Average:     all    0.00    0.00   17.86   34.44    0.00    0.00    0.00    0.00    0.00   47.70
Average:       0    0.00    0.00   43.78   54.59    0.00    0.00    0.54    0.00    0.00    1.08
Average:       1    0.00    0.00   18.59   47.24    0.00    0.00    0.00    0.00    0.00   34.17
Average:       2    0.00    0.00    6.47   31.84    0.00    0.00    0.00    0.00    0.00   61.69
Average:       3    0.00    0.00    4.00    5.50    0.00    0.00    0.00    0.00    0.00   90.50
Average:     CPU    %usr   %nice    %sys %iowait    %irq   %soft  %steal  %guest  %gnice   %idle
Average:     all   25.00    0.00    0.00    0.00    0.00    0.00    0.00    0.00    0.00   75.00
Average:       0    0.00    0.00    0.00    0.00    0.00    0.00    0.00    0.00    0.00  100.00
Average:       1    0.00    0.00    0.00    0.00    0.00    0.00    0.00    0.00    0.00  100.00
Average:       2  100.00    0.00    0.00    0.00    0.00    0.00    0.00    0.00    0.00    0.00
Average:       3    0.00    0.00    0.00    0.00    0.00    0.00    0.00    0.00    0.00  100.00
Average:     CPU    %usr   %nice    %sys %iowait    %irq   %soft  %steal  %guest  %gnice   %idle
Average:     all   25.00    0.00    0.00    0.00    0.00    0.00    0.00    0.00    0.00   75.00
Average:       0    0.00    0.00    0.00    0.00    0.00    0.00    0.00    0.00    0.00  100.00
Average:       1    0.00    0.00    0.00    0.00    0.00    0.00    0.00    0.00    0.00  100.00
Average:       2  100.00    0.00    0.00    0.00    0.00    0.00    0.00    0.00    0.00    0.00
Average:       3    0.00    0.00    0.00    0.00    0.00    0.00    0.00    0.00    0.00  100.00
Average:     CPU    %usr   %nice    %sys %iowait    %irq   %soft  %steal  %guest  %gnice   %idle
Average:     all   24.97    0.00    0.12    0.00    0.00    0.00    0.00    0.00    0.00   74.91
Average:       0  100.00    0.00    0.00    0.00    0.00    0.00    0.00    0.00    0.00    0.00
Average:       1    0.00    0.00    0.00    0.00    0.00    0.00    0.00    0.00    0.00  100.00
Average:       2    0.00    0.00    0.00    0.00    0.00    0.00    0.00    0.00    0.00  100.00
Average:       3    0.00    0.00    0.00    0.00    0.00    0.00    0.00    0.00    0.00  100.00
Average:     CPU    %usr   %nice    %sys %iowait    %irq   %soft  %steal  %guest  %gnice   %idle
Average:     all   25.00    0.00    0.00    0.00    0.00    0.00    0.00    0.00    0.00   75.00
Average:       0  100.00    0.00    0.00    0.00    0.00    0.00    0.00    0.00    0.00    0.00
Average:       1    0.00    0.00    0.00    0.00    0.00    0.00    0.00    0.00    0.00  100.00
Average:       2    0.00    0.00    0.00    0.00    0.00    0.00    0.00    0.00    0.00  100.00
Average:       3    0.00    0.00    0.00    0.00    0.00    0.00    0.00    0.00    0.00  100.00
Average:     CPU    %usr   %nice    %sys %iowait    %irq   %soft  %steal  %guest  %gnice   %idle
Average:     all    0.25    0.00   20.33    3.43    0.00    0.00    0.13    0.00    0.00   75.86
Average:       0    1.06    0.00   64.02   13.76    0.00    0.00    0.53    0.00    0.00   20.63
Average:       1    0.00    0.00    0.50    0.50    0.00    0.00    0.00    0.00    0.00   99.00
Average:       2    0.00    0.00   19.00    0.00    0.00    0.00    0.00    0.00    0.00   81.00
Average:       3    0.00    0.00    0.00    0.00    0.00    0.00    0.00    0.00    0.00  100.00
