Average:     CPU    %usr   %nice    %sys %iowait    %irq   %soft  %steal  %guest  %gnice   %idle
Average:     all    0.13    0.00    6.38   14.10    0.00    0.00    0.13    0.00    0.00   79.26
Average:       0    1.31    0.00   29.41   68.63    0.00    0.00    0.65    0.00    0.00    0.00
Average:       1    0.00    0.00    0.50    0.50    0.00    0.00    0.00    0.00    0.00   99.00
Average:       2    0.00    0.00    0.50    0.00    0.00    0.00    0.00    0.00    0.00   99.50
Average:       3    0.00    0.00    1.00    0.00    0.00    0.00    0.00    0.00    0.00   99.00
Average:     CPU    %usr   %nice    %sys %iowait    %irq   %soft  %steal  %guest  %gnice   %idle
Average:     all    0.00    0.00    7.64   13.44    0.00    0.00    0.13    0.00    0.00   78.79
Average:       0    0.00    0.00   35.85   63.52    0.00    0.00    0.63    0.00    0.00    0.00
Average:       1    0.00    0.00    0.00    0.00    0.00    0.00    0.00    0.00    0.00  100.00
Average:       2    0.00    0.00    0.50    0.00    0.00    0.00    0.00    0.00    0.00   99.50
Average:       3    0.00    0.00    0.50    0.00    0.00    0.00    0.00    0.00    0.00   99.50
Average:     CPU    %usr   %nice    %sys %iowait    %irq   %soft  %steal  %guest  %gnice   %idle
Average:     all    0.00    0.00    7.26   13.72    0.00    0.00    0.13    0.00    0.00   78.89
Average:       0    0.00    0.00   33.96   65.41    0.00    0.00    0.63    0.00    0.00    0.00
Average:       1    0.00    0.00    0.00    0.00    0.00    0.00    0.00    0.00    0.00  100.00
Average:       2    0.00    0.00    0.00    0.00    0.00    0.00    0.00    0.00    0.00  100.00
Average:       3    0.00    0.00    0.50    0.00    0.00    0.00    0.00    0.00    0.00   99.50
Average:     CPU    %usr   %nice    %sys %iowait    %irq   %soft  %steal  %guest  %gnice   %idle
Average:     all    0.00    0.00    9.47   13.68    0.00    0.00    0.00    0.00    0.00   76.84
Average:       0    0.00    0.00   35.58   63.19    0.00    0.00    0.61    0.00    0.00    0.61
Average:       1    0.00    0.00    5.53    0.00    0.00    0.00    0.00    0.00    0.00   94.47
Average:       2    0.00    0.00    1.51    0.00    0.00    0.00    0.00    0.00    0.00   98.49
Average:       3    0.00    0.00    0.00    0.00    0.00    0.00    0.00    0.00    0.00  100.00
Average:     CPU    %usr   %nice    %sys %iowait    %irq   %soft  %steal  %guest  %gnice   %idle
Average:     all   25.41    0.00    1.00    0.38    0.00    0.00    0.00    0.00    0.00   73.22
Average:       0  100.00    0.00    0.00    0.00    0.00    0.00    0.00    0.00    0.00    0.00
Average:       1    0.50    0.00    1.01    0.50    0.00    0.00    0.00    0.00    0.00   97.99
Average:       2    0.50    0.00    1.01    1.01    0.00    0.00    0.00    0.00    0.00   97.49
Average:       3    0.50    0.00    1.01    0.50    0.00    0.00    0.00    0.00    0.00   97.99
Average:     CPU    %usr   %nice    %sys %iowait    %irq   %soft  %steal  %guest  %gnice   %idle
Average:     all    0.26    0.00   33.55   18.57    0.00    0.00    0.26    0.00    0.00   47.38
Average:       0    0.00    0.00   87.50   11.98    0.00    0.00    0.52    0.00    0.00    0.00
Average:       1    0.50    0.00    5.53    0.50    0.00    0.00    0.00    0.00    0.00   93.47
Average:       2    0.52    0.00   35.57   57.73    0.00    0.00    0.52    0.00    0.00    5.67
Average:       3    0.00    0.00    7.58    4.55    0.00    0.00    0.00    0.00    0.00   87.88
Average:     CPU    %usr   %nice    %sys %iowait    %irq   %soft  %steal  %guest  %gnice   %idle
Average:     all    0.00    0.00   23.85   24.74    0.00    0.00    0.26    0.00    0.00   51.15
Average:       0    0.00    0.00   68.06   30.37    0.00    0.00    0.52    0.00    0.00    1.05
Average:       1    0.00    0.00   10.55   39.70    0.00    0.00    0.00    0.00    0.00   49.75
Average:       2    0.00    0.00   10.55    7.54    0.00    0.00    0.00    0.00    0.00   81.91
Average:       3    0.00    0.00    7.73   21.65    0.00    0.00    0.00    0.00    0.00   70.62
Average:     CPU    %usr   %nice    %sys %iowait    %irq   %soft  %steal  %guest  %gnice   %idle
Average:     all    0.00    0.00    7.00   49.11    0.00    0.00    0.14    0.00    0.00   43.76
Average:       0    0.00    0.00   13.95   83.14    0.00    0.00    1.16    0.00    0.00    1.74
Average:       1    0.00    0.00    4.95   64.29    0.00    0.00    0.00    0.00    0.00   30.77
Average:       2    0.00    0.00    4.15   11.40    0.00    0.00    0.00    0.00    0.00   84.46
Average:       3    0.00    0.00    5.49   41.21    0.00    0.00    0.00    0.00    0.00   53.30
Average:     CPU    %usr   %nice    %sys %iowait    %irq   %soft  %steal  %guest  %gnice   %idle
Average:     all   25.12    0.00    0.12    0.00    0.00    0.00    0.00    0.00    0.00   74.75
Average:       0  100.00    0.00    0.00    0.00    0.00    0.00    0.00    0.00    0.00    0.00
Average:       1    0.50    0.00    0.00    0.00    0.00    0.00    0.00    0.00    0.00   99.50
Average:       2    0.00    0.00    0.00    0.00    0.00    0.00    0.00    0.00    0.00  100.00
Average:       3    0.00    0.00    0.50    0.00    0.00    0.00    0.00    0.00    0.00   99.50
Average:     CPU    %usr   %nice    %sys %iowait    %irq   %soft  %steal  %guest  %gnice   %idle
Average:     all   24.97    0.00    0.25    0.00    0.00    0.00    0.00    0.00    0.00   74.78
Average:       0  100.00    0.00    0.00    0.00    0.00    0.00    0.00    0.00    0.00    0.00
Average:       1    0.00    0.00    0.50    0.00    0.00    0.00    0.00    0.00    0.00   99.50
Average:       2    0.00    0.00    0.50    0.00    0.00    0.00    0.00    0.00    0.00   99.50
Average:       3    0.00    0.00    0.50    0.00    0.00    0.00    0.00    0.00    0.00   99.50
Average:     CPU    %usr   %nice    %sys %iowait    %irq   %soft  %steal  %guest  %gnice   %idle
Average:     all   25.00    0.00    0.25    0.00    0.00    0.00    0.00    0.00    0.00   74.75
Average:       0  100.00    0.00    0.00    0.00    0.00    0.00    0.00    0.00    0.00    0.00
Average:       1    0.00    0.00    0.50    0.00    0.00    0.00    0.00    0.00    0.00   99.50
Average:       2    0.00    0.00    0.00    0.00    0.00    0.00    0.00    0.00    0.00  100.00
Average:       3    0.00    0.00    0.50    0.00    0.00    0.00    0.00    0.00    0.00   99.50
Average:     CPU    %usr   %nice    %sys %iowait    %irq   %soft  %steal  %guest  %gnice   %idle
Average:     all   25.00    0.00    0.25    0.00    0.00    0.00    0.00    0.00    0.00   74.75
Average:       0  100.00    0.00    0.00    0.00    0.00    0.00    0.00    0.00    0.00    0.00
Average:       1    0.00    0.00    0.00    0.00    0.00    0.00    0.00    0.00    0.00  100.00
Average:       2    0.00    0.00    0.00    0.00    0.00    0.00    0.00    0.00    0.00  100.00
Average:       3    0.00    0.00    0.50    0.00    0.00    0.00    0.00    0.00    0.00   99.50
Average:     CPU    %usr   %nice    %sys %iowait    %irq   %soft  %steal  %guest  %gnice   %idle
Average:     all   24.97    0.00    0.37    0.00    0.00    0.00    0.00    0.00    0.00   74.66
Average:       0  100.00    0.00    0.00    0.00    0.00    0.00    0.00    0.00    0.00    0.00
Average:       1    0.00    0.00    0.00    0.00    0.00    0.00    0.00    0.00    0.00  100.00
Average:       2    0.00    0.00    0.50    0.00    0.00    0.00    0.00    0.00    0.00   99.50
Average:       3    0.00    0.00    0.50    0.00    0.00    0.00    0.00    0.00    0.00   99.50
