Average:     CPU    %usr   %nice    %sys %iowait    %irq   %soft  %steal  %guest  %gnice   %idle
Average:     all    0.26    0.00    6.96   13.78    0.00    0.00    0.26    0.00    0.00   78.74
Average:       0    0.63    0.00   32.70   66.04    0.00    0.00    0.63    0.00    0.00    0.00
Average:       1    0.00    0.00    0.00    0.00    0.00    0.00    0.00    0.00    0.00  100.00
Average:       2    0.00    0.00    0.00    0.00    0.00    0.00    0.00    0.00    0.00  100.00
Average:       3    0.00    0.00    0.00    0.00    0.00    0.00    0.00    0.00    0.00  100.00
Average:     CPU    %usr   %nice    %sys %iowait    %irq   %soft  %steal  %guest  %gnice   %idle
Average:     all    0.00    0.00    6.90   13.53    0.00    0.00    0.13    0.00    0.00   79.44
Average:       0    0.00    0.00   33.12   66.23    0.00    0.00    0.65    0.00    0.00    0.00
Average:       1    0.00    0.00    0.00    0.00    0.00    0.00    0.00    0.00    0.00  100.00
Average:       2    0.00    0.00    0.00    0.00    0.00    0.00    0.00    0.00    0.00  100.00
Average:       3    0.00    0.00    0.00    0.00    0.00    0.00    0.00    0.00    0.00  100.00
Average:     CPU    %usr   %nice    %sys %iowait    %irq   %soft  %steal  %guest  %gnice   %idle
Average:     all    0.13    0.00    6.61   14.00    0.00    0.00    0.13    0.00    0.00   79.13
Average:       0    0.00    0.00   31.85   67.52    0.00    0.00    0.64    0.00    0.00    0.00
Average:       1    0.50    0.00    0.00    0.00    0.00    0.00    0.00    0.00    0.00   99.50
Average:       2    0.00    0.00    0.50    0.00    0.00    0.00    0.00    0.00    0.00   99.50
Average:       3    0.50    0.00    0.00    0.00    0.00    0.00    0.00    0.00    0.00   99.50
Average:     CPU    %usr   %nice    %sys %iowait    %irq   %soft  %steal  %guest  %gnice   %idle
Average:     all    0.13    0.00   10.03   13.54    0.00    0.00    0.13    0.00    0.00   76.17
Average:       0    0.00    0.00   36.69   61.54    0.00    0.00    1.18    0.00    0.00    0.59
Average:       1    0.00    0.00    6.97    0.00    0.00    0.00    0.00    0.00    0.00   93.03
Average:       2    0.00    0.00    1.00    0.00    0.00    0.00    0.00    0.00    0.00   99.00
Average:       3    0.00    0.00    0.00    0.00    0.00    0.00    0.00    0.00    0.00  100.00
Average:     CPU    %usr   %nice    %sys %iowait    %irq   %soft  %steal  %guest  %gnice   %idle
Average:     all    8.37    0.00   13.03    0.14    0.00    0.00    0.55    0.00    0.00   77.91
Average:       0    8.88    0.00   50.89    0.59    0.00    0.00    1.18    0.00    0.00   38.46
Average:       1   15.14    0.00    2.70    0.00    0.00    0.00    0.00    0.00    0.00   82.16
Average:       2    9.63    0.00    1.60    0.00    0.00    0.00    0.53    0.00    0.00   88.24
Average:       3    0.53    0.00    0.53    0.00    0.00    0.00    0.53    0.00    0.00   98.42
