Average:     CPU    %usr   %nice    %sys %iowait    %irq   %soft  %steal  %guest  %gnice   %idle
Average:     all   23.46    0.00    1.00    0.63    0.00    0.00    0.00    0.00    0.00   74.91
Average:       0   93.97    0.00    3.02    2.51    0.00    0.00    0.00    0.00    0.00    0.50
Average:       1    0.00    0.00    0.00    0.00    0.00    0.00    0.00    0.00    0.00  100.00
Average:       2    0.00    0.00    0.00    0.00    0.00    0.00    0.00    0.00    0.00  100.00
Average:       3    0.00    0.00    0.50    0.00    0.00    0.00    0.00    0.00    0.00   99.50
Average:     CPU    %usr   %nice    %sys %iowait    %irq   %soft  %steal  %guest  %gnice   %idle
Average:     all   24.16    0.00    1.00    0.00    0.00    0.00    0.00    0.00    0.00   74.84
Average:       0   95.54    0.00    3.47    0.50    0.00    0.50    0.00    0.00    0.00    0.00
Average:       1    0.00    0.00    0.00    0.00    0.00    0.00    0.00    0.00    0.00  100.00
Average:       2    0.00    0.00    0.00    0.00    0.00    0.00    0.00    0.00    0.00  100.00
Average:       3    0.00    0.00    0.00    0.00    0.00    0.00    0.00    0.00    0.00  100.00
Average:     CPU    %usr   %nice    %sys %iowait    %irq   %soft  %steal  %guest  %gnice   %idle
Average:     all   24.66    0.00    0.63    1.38    0.00    0.00    0.00    0.00    0.00   73.34
Average:       0   98.01    0.00    1.99    0.00    0.00    0.00    0.00    0.00    0.00    0.00
Average:       1    0.00    0.00    0.00    5.53    0.00    0.00    0.00    0.00    0.00   94.47
Average:       2    0.00    0.00    0.00    0.00    0.00    0.00    0.00    0.00    0.00  100.00
Average:       3    0.00    0.00    0.50    0.00    0.00    0.00    0.00    0.00    0.00   99.50
Average:     CPU    %usr   %nice    %sys %iowait    %irq   %soft  %steal  %guest  %gnice   %idle
Average:     all   24.38    0.00    0.88    0.00    0.00    0.00    0.00    0.00    0.00   74.75
Average:       0   97.50    0.00    2.50    0.00    0.00    0.00    0.00    0.00    0.00    0.00
Average:       1    0.00    0.00    0.50    0.00    0.00    0.00    0.00    0.00    0.00   99.50
Average:       2    0.00    0.00    0.00    0.00    0.00    0.00    0.00    0.00    0.00  100.00
Average:       3    0.00    0.00    0.50    0.00    0.00    0.00    0.00    0.00    0.00   99.50
Average:     CPU    %usr   %nice    %sys %iowait    %irq   %soft  %steal  %guest  %gnice   %idle
Average:     all   24.12    0.00    1.25    1.25    0.00    0.00    0.00    0.00    0.00   73.38
Average:       0   96.50    0.00    3.00    0.00    0.00    0.00    0.00    0.00    0.00    0.50
Average:       1    0.00    0.00    0.50    5.00    0.00    0.00    0.00    0.00    0.00   94.50
Average:       2    0.00    0.00    0.00    0.00    0.00    0.00    0.00    0.00    0.00  100.00
Average:       3    0.50    0.00    1.00    0.00    0.00    0.00    0.00    0.00    0.00   98.51
Average:     CPU    %usr   %nice    %sys %iowait    %irq   %soft  %steal  %guest  %gnice   %idle
Average:     all   24.38    0.00    0.75    0.00    0.00    0.00    0.00    0.00    0.00   74.88
Average:       0   97.50    0.00    2.50    0.00    0.00    0.00    0.00    0.00    0.00    0.00
Average:       1    0.00    0.00    0.00    0.00    0.00    0.00    0.00    0.00    0.00  100.00
Average:       2    0.00    0.00    0.00    0.00    0.00    0.00    0.00    0.00    0.00  100.00
Average:       3    0.00    0.00    0.00    0.00    0.00    0.00    0.00    0.00    0.00  100.00
Average:     CPU    %usr   %nice    %sys %iowait    %irq   %soft  %steal  %guest  %gnice   %idle
Average:     all   23.88    0.00    1.38    0.00    0.00    0.00    0.00    0.00    0.00   74.75
Average:       0   95.98    0.00    4.02    0.00    0.00    0.00    0.00    0.00    0.00    0.00
Average:       1    0.00    0.00    0.00    0.00    0.00    0.00    0.00    0.00    0.00  100.00
Average:       2    0.00    0.00    0.50    0.00    0.00    0.00    0.00    0.00    0.00   99.50
Average:       3    0.00    0.00    0.50    0.00    0.00    0.00    0.00    0.00    0.00   99.50
Average:     CPU    %usr   %nice    %sys %iowait    %irq   %soft  %steal  %guest  %gnice   %idle
Average:     all   24.47    0.00    1.00    1.87    0.00    0.00    0.00    0.00    0.00   72.66
Average:       0   97.51    0.00    2.49    0.00    0.00    0.00    0.00    0.00    0.00    0.00
Average:       1    0.00    0.00    1.00    7.00    0.00    0.00    0.00    0.00    0.00   92.00
Average:       2    0.00    0.00    0.00    0.00    0.00    0.00    0.00    0.00    0.00  100.00
Average:       3    0.00    0.00    0.50    0.00    0.00    0.00    0.00    0.00    0.00   99.50
