Average:     CPU    %usr   %nice    %sys %iowait    %irq   %soft  %steal  %guest  %gnice   %idle
Average:     all   38.24    0.00    0.50    0.00    0.00    0.00    0.13    0.00    0.00   61.13
Average:       0   99.00    0.00    0.50    0.50    0.00    0.00    0.00    0.00    0.00    0.00
Average:       1    3.00    0.00    0.50    0.00    0.00    0.00    0.00    0.00    0.00   96.50
Average:       2    0.00    0.00    0.50    0.00    0.00    0.00    0.00    0.00    0.00   99.50
Average:       3   50.00    0.00    1.52    0.00    0.00    0.00    0.00    0.00    0.00   48.48
Average:     CPU    %usr   %nice    %sys %iowait    %irq   %soft  %steal  %guest  %gnice   %idle
Average:     all   40.33    0.00    1.52    0.38    0.00    0.00    0.00    0.00    0.00   57.77
Average:       0  100.00    0.00    0.00    0.00    0.00    0.00    0.00    0.00    0.00    0.00
Average:       1   56.41    0.00    2.56    0.00    0.00    0.00    0.00    0.00    0.00   41.03
Average:       2    3.55    0.00    1.02    0.00    0.00    0.00    0.00    0.00    0.00   95.43
Average:       3    1.52    0.00    2.02    1.01    0.00    0.00    0.00    0.00    0.00   95.45
Average:     CPU    %usr   %nice    %sys %iowait    %irq   %soft  %steal  %guest  %gnice   %idle
Average:     all   40.30    0.00    0.50    0.00    0.00    0.00    0.13    0.00    0.00   59.07
Average:       0   99.00    0.00    1.00    0.00    0.00    0.00    0.00    0.00    0.00    0.00
Average:       1   58.59    0.00    1.01    0.00    0.00    0.00    0.00    0.00    0.00   40.40
Average:       2    3.06    0.00    0.00    0.00    0.00    0.00    0.00    0.00    0.00   96.94
Average:       3    0.00    0.00    0.50    0.00    0.00    0.00    0.00    0.00    0.00   99.50
Average:     CPU    %usr   %nice    %sys %iowait    %irq   %soft  %steal  %guest  %gnice   %idle
Average:     all   39.12    0.00    0.50    0.00    0.00    0.00    0.13    0.00    0.00   60.25
Average:       0   54.27    0.00    0.50    0.00    0.00    0.00    0.00    0.00    0.00   45.23
Average:       1    1.52    0.00    0.51    0.00    0.00    0.00    0.51    0.00    0.00   97.46
Average:       2    0.50    0.00    0.00    0.00    0.00    0.00    0.50    0.00    0.00   98.99
Average:       3   99.00    0.00    1.00    0.00    0.00    0.00    0.00    0.00    0.00    0.00
Average:     CPU    %usr   %nice    %sys %iowait    %irq   %soft  %steal  %guest  %gnice   %idle
Average:     all   38.66    0.00    0.50    0.13    0.00    0.00    0.00    0.00    0.00   60.71
Average:       0    1.02    0.00    0.51    0.51    0.00    0.00    0.00    0.00    0.00   97.97
Average:       1    2.00    0.00    0.50    0.00    0.00    0.00    0.00    0.00    0.00   97.50
Average:       2   52.02    0.00    1.01    0.00    0.00    0.00    0.00    0.00    0.00   46.97
Average:       3  100.00    0.00    0.00    0.00    0.00    0.00    0.00    0.00    0.00    0.00
Average:     CPU    %usr   %nice    %sys %iowait    %irq   %soft  %steal  %guest  %gnice   %idle
Average:     all   38.16    0.00    0.76    0.00    0.00    0.00    0.00    0.00    0.00   61.08
Average:       0    2.03    0.00    0.51    0.00    0.00    0.00    0.00    0.00    0.00   97.46
Average:       1   29.15    0.00    1.01    0.00    0.00    0.00    0.00    0.00    0.00   69.85
Average:       2   22.00    0.00    1.00    0.00    0.00    0.00    0.00    0.00    0.00   77.00
Average:       3   98.51    0.00    1.00    0.00    0.00    0.00    0.00    0.00    0.00    0.50
Average:     CPU    %usr   %nice    %sys %iowait    %irq   %soft  %steal  %guest  %gnice   %idle
Average:     all   40.93    0.00    0.25    0.13    0.00    0.00    0.00    0.00    0.00   58.69
Average:       0   97.99    0.00    0.50    0.00    0.00    0.00    0.00    0.00    0.00    1.51
Average:       1   16.08    0.00    0.00    1.01    0.00    0.00    0.00    0.00    0.00   82.91
Average:       2   48.47    0.00    0.51    0.00    0.00    0.00    0.00    0.00    0.00   51.02
Average:       3    1.01    0.00    0.00    0.00    0.00    0.00    0.00    0.00    0.00   98.99
Average:     CPU    %usr   %nice    %sys %iowait    %irq   %soft  %steal  %guest  %gnice   %idle
Average:     all   40.83    0.00    0.50    0.00    0.00    0.00    0.13    0.00    0.00   58.54
Average:       0    0.00    0.00    0.50    0.00    0.00    0.00    0.00    0.00    0.00   99.50
Average:       1   99.00    0.00    1.00    0.00    0.00    0.00    0.00    0.00    0.00    0.00
Average:       2   59.90    0.00    0.51    0.00    0.00    0.00    0.00    0.00    0.00   39.59
Average:       3    4.06    0.00    0.51    0.00    0.00    0.00    0.00    0.00    0.00   95.43
Average:     CPU    %usr   %nice    %sys %iowait    %irq   %soft  %steal  %guest  %gnice   %idle
Average:     all   40.88    0.00    0.63    0.00    0.00    0.00    0.13    0.00    0.00   58.36
Average:       0    4.02    0.00    0.50    0.00    0.00    0.00    0.50    0.00    0.00   94.97
Average:       1    0.00    0.00    0.00    0.00    0.00    0.00    0.00    0.00    0.00  100.00
Average:       2   99.50    0.00    0.50    0.00    0.00    0.00    0.00    0.00    0.00    0.00
Average:       3   59.80    0.00    2.01    0.00    0.00    0.00    0.00    0.00    0.00   38.19
Average:     CPU    %usr   %nice    %sys %iowait    %irq   %soft  %steal  %guest  %gnice   %idle
Average:     all   40.35    0.00    0.76    0.13    0.00    0.00    0.13    0.00    0.00   58.64
Average:       0    1.55    0.00    0.00    0.52    0.00    0.00    0.00    0.00    0.00   97.94
Average:       1    1.01    0.00    0.50    0.00    0.00    0.00    0.00    0.00    0.00   98.49
Average:       2   99.50    0.00    0.50    0.00    0.00    0.00    0.00    0.00    0.00    0.00
Average:       3   58.29    0.00    2.51    0.00    0.00    0.00    0.00    0.00    0.00   39.20
Average:     CPU    %usr   %nice    %sys %iowait    %irq   %soft  %steal  %guest  %gnice   %idle
Average:     all   40.55    0.00    0.63    0.00    0.00    0.00    0.13    0.00    0.00   58.70
Average:       0   57.71    0.00    1.99    0.00    0.00    0.00    0.50    0.00    0.00   39.80
Average:       1    1.00    0.00    0.50    0.00    0.00    0.00    0.50    0.00    0.00   98.00
Average:       2    2.99    0.00    0.50    0.00    0.00    0.00    0.00    0.00    0.00   96.52
Average:       3  100.00    0.00    0.00    0.00    0.00    0.00    0.00    0.00    0.00    0.00
Average:     CPU    %usr   %nice    %sys %iowait    %irq   %soft  %steal  %guest  %gnice   %idle
Average:     all   40.88    0.00    0.63    0.13    0.00    0.00    0.13    0.00    0.00   58.24
Average:       0   31.82    0.00    1.01    0.00    0.00    0.00    0.00    0.00    0.00   67.17
Average:       1    1.53    0.00    0.00    0.51    0.00    0.00    0.00    0.00    0.00   97.96
Average:       2   99.50    0.00    0.50    0.00    0.00    0.00    0.00    0.00    0.00    0.00
Average:       3   29.80    0.00    0.51    0.00    0.00    0.00    0.51    0.00    0.00   69.19
Average:     CPU    %usr   %nice    %sys %iowait    %irq   %soft  %steal  %guest  %gnice   %idle
Average:     all   40.88    0.00    0.63    0.00    0.00    0.00    0.00    0.00    0.00   58.49
Average:       0    2.03    0.00    0.51    0.00    0.00    0.00    0.00    0.00    0.00   97.46
Average:       1   44.72    0.00    1.01    0.00    0.00    0.00    0.00    0.00    0.00   54.27
Average:       2   98.51    0.00    0.50    0.00    0.00    0.00    0.00    0.00    0.00    1.00
Average:       3   16.84    0.00    0.51    0.00    0.00    0.00    0.00    0.00    0.00   82.65
Average:     CPU    %usr   %nice    %sys %iowait    %irq   %soft  %steal  %guest  %gnice   %idle
Average:     all   39.02    0.00    1.52    0.00    0.00    0.00    0.00    0.00    0.00   59.47
Average:       0    8.63    0.00    0.51    0.00    0.00    0.00    0.00    0.00    0.00   90.86
Average:       1   61.22    0.00    2.04    0.00    0.00    0.00    0.00    0.00    0.00   36.73
Average:       2   74.75    0.00    2.48    0.00    0.00    0.00    0.00    0.00    0.00   22.77
Average:       3   11.06    0.00    1.51    0.00    0.00    0.00    0.00    0.00    0.00   87.44
