Average:     CPU    %usr   %nice    %sys %iowait    %irq   %soft  %steal  %guest  %gnice   %idle
Average:     all   24.16    0.00    0.25    0.50    0.00    0.00    0.00    0.00    0.00   75.09
Average:       0   97.47    0.00    1.01    1.52    0.00    0.00    0.00    0.00    0.00    0.00
Average:       1    0.00    0.00    0.00    0.00    0.00    0.00    0.00    0.00    0.00  100.00
Average:       2    0.00    0.00    0.00    0.00    0.00    0.00    0.00    0.00    0.00  100.00
Average:       3    0.00    0.00    0.00    0.00    0.00    0.00    0.00    0.00    0.00  100.00
Average:     CPU    %usr   %nice    %sys %iowait    %irq   %soft  %steal  %guest  %gnice   %idle
Average:     all   24.50    0.00    0.38    0.12    0.00    0.00    0.00    0.00    0.00   75.00
Average:       0   98.00    0.00    1.50    0.00    0.00    0.00    0.00    0.00    0.00    0.50
Average:       1    0.00    0.00    0.00    0.00    0.00    0.00    0.00    0.00    0.00  100.00
Average:       2    0.00    0.00    0.00    0.00    0.00    0.00    0.00    0.00    0.00  100.00
Average:       3    0.00    0.00    0.00    0.00    0.00    0.00    0.00    0.00    0.00  100.00
Average:     CPU    %usr   %nice    %sys %iowait    %irq   %soft  %steal  %guest  %gnice   %idle
Average:     all   24.88    0.00    0.25    0.38    0.00    0.00    0.00    0.00    0.00   74.50
Average:       0  100.00    0.00    0.00    0.00    0.00    0.00    0.00    0.00    0.00    0.00
Average:       1    0.00    0.00    0.50    1.49    0.00    0.00    0.00    0.00    0.00   98.01
Average:       2    0.00    0.00    0.00    0.00    0.00    0.00    0.00    0.00    0.00  100.00
Average:       3    0.00    0.00    0.50    0.00    0.00    0.00    0.00    0.00    0.00   99.50
Average:     CPU    %usr   %nice    %sys %iowait    %irq   %soft  %steal  %guest  %gnice   %idle
Average:     all   24.75    0.00    0.25    0.00    0.00    0.00    0.00    0.00    0.00   75.00
Average:       0    0.00    0.00    0.00    0.00    0.00    0.00    0.00    0.00    0.00  100.00
Average:       1    0.00    0.00    0.00    0.00    0.00    0.00    0.00    0.00    0.00  100.00
Average:       2    0.00    0.00    0.00    0.00    0.00    0.00    0.00    0.00    0.00  100.00
Average:       3   99.00    0.00    1.00    0.00    0.00    0.00    0.00    0.00    0.00    0.00
Average:     CPU    %usr   %nice    %sys %iowait    %irq   %soft  %steal  %guest  %gnice   %idle
Average:     all   24.62    0.00    0.50    0.12    0.00    0.00    0.12    0.00    0.00   74.62
Average:       0    0.00    0.00    0.50    0.50    0.00    0.00    0.50    0.00    0.00   98.50
Average:       1    0.00    0.00    0.00    0.00    0.00    0.00    0.00    0.00    0.00  100.00
Average:       2    0.00    0.00    0.00    0.00    0.00    0.00    0.00    0.00    0.00  100.00
Average:       3   98.01    0.00    1.99    0.00    0.00    0.00    0.00    0.00    0.00    0.00
