Average:     CPU    %usr   %nice    %sys %iowait    %irq   %soft  %steal  %guest  %gnice   %idle
Average:     all   24.34    0.00    4.89    2.13    0.00    0.00    0.00    0.00    0.00   68.63
Average:       0   30.81    0.00   10.61    8.08    0.00    0.00    0.51    0.00    0.00   50.00
Average:       1   13.64    0.00    1.52    0.00    0.00    0.00    0.00    0.00    0.00   84.85
Average:       2   15.50    0.00    1.50    0.00    0.00    0.00    0.00    0.00    0.00   83.00
Average:       3   37.50    0.00    5.50    0.00    0.00    0.00    0.00    0.00    0.00   57.00
Average:     CPU    %usr   %nice    %sys %iowait    %irq   %soft  %steal  %guest  %gnice   %idle
Average:     all   34.54    0.00    0.13    0.25    0.00    0.00    0.00    0.00    0.00   65.08
Average:       0    0.00    0.00    0.00    0.50    0.00    0.00    0.00    0.00    0.00   99.50
Average:       1   99.50    0.00    0.50    0.00    0.00    0.00    0.00    0.00    0.00    0.00
Average:       2    0.00    0.00    0.00    0.00    0.00    0.00    0.00    0.00    0.00  100.00
Average:       3   38.38    0.00    0.00    0.00    0.00    0.00    0.00    0.00    0.00   61.62
Average:     CPU    %usr   %nice    %sys %iowait    %irq   %soft  %steal  %guest  %gnice   %idle
Average:     all   34.96    0.00    0.37    0.00    0.00    0.00    0.00    0.00    0.00   64.67
Average:       0   40.20    0.00    0.50    0.00    0.00    0.00    0.00    0.00    0.00   59.30
Average:       1    0.00    0.00    0.50    0.00    0.00    0.00    0.00    0.00    0.00   99.50
Average:       2    0.00    0.00    0.00    0.00    0.00    0.00    0.00    0.00    0.00  100.00
Average:       3   99.00    0.00    1.00    0.00    0.00    0.00    0.00    0.00    0.00    0.00
Average:     CPU    %usr   %nice    %sys %iowait    %irq   %soft  %steal  %guest  %gnice   %idle
Average:     all   29.81    0.00    1.89    1.38    0.00    0.00    0.00    0.00    0.00   66.92
Average:       0   76.50    0.00    0.50    0.00    0.00    0.00    0.00    0.00    0.00   23.00
Average:       1   23.86    0.00    2.03    0.51    0.00    0.00    0.00    0.00    0.00   73.60
Average:       2   14.00    0.00    4.50    5.00    0.00    0.00    0.00    0.00    0.00   76.50
Average:       3    5.03    0.00    0.50    0.00    0.00    0.00    0.00    0.00    0.00   94.47
Average:     CPU    %usr   %nice    %sys %iowait    %irq   %soft  %steal  %guest  %gnice   %idle
Average:     all   33.17    0.00    0.38    0.00    0.00    0.00    0.00    0.00    0.00   66.46
Average:       0   99.50    0.00    0.50    0.00    0.00    0.00    0.00    0.00    0.00    0.00
Average:       1    0.00    0.00    0.00    0.00    0.00    0.00    0.00    0.00    0.00  100.00
Average:       2    0.00    0.00    0.50    0.00    0.00    0.00    0.00    0.00    0.00   99.50
Average:       3   33.67    0.00    0.50    0.00    0.00    0.00    0.00    0.00    0.00   65.83
Average:     CPU    %usr   %nice    %sys %iowait    %irq   %soft  %steal  %guest  %gnice   %idle
Average:     all   33.58    0.00    0.75    1.38    0.00    0.00    0.13    0.00    0.00   64.16
Average:       0    0.00    0.00    1.00    5.50    0.00    0.00    0.50    0.00    0.00   93.00
Average:       1   99.00    0.00    1.00    0.00    0.00    0.00    0.00    0.00    0.00    0.00
Average:       2   35.03    0.00    1.02    0.00    0.00    0.00    0.00    0.00    0.00   63.96
Average:       3    0.00    0.00    0.00    0.00    0.00    0.00    0.00    0.00    0.00  100.00
Average:     CPU    %usr   %nice    %sys %iowait    %irq   %soft  %steal  %guest  %gnice   %idle
Average:     all   33.50    0.00    0.13    0.00    0.00    0.00    0.00    0.00    0.00   66.37
Average:       0    0.00    0.00    0.00    0.00    0.00    0.00    0.00    0.00    0.00  100.00
Average:       1   99.50    0.00    0.50    0.00    0.00    0.00    0.00    0.00    0.00    0.00
Average:       2    0.00    0.00    0.00    0.00    0.00    0.00    0.00    0.00    0.00  100.00
Average:       3   34.36    0.00    0.51    0.00    0.00    0.00    0.00    0.00    0.00   65.13
Average:     CPU    %usr   %nice    %sys %iowait    %irq   %soft  %steal  %guest  %gnice   %idle
Average:     all   34.09    0.00    0.38    0.00    0.00    0.00    0.00    0.00    0.00   65.53
Average:       0    0.00    0.00    0.00    0.00    0.00    0.00    0.00    0.00    0.00  100.00
Average:       1   99.00    0.00    1.00    0.00    0.00    0.00    0.00    0.00    0.00    0.00
Average:       2    0.00    0.00    0.00    0.00    0.00    0.00    0.00    0.00    0.00  100.00
Average:       3   37.44    0.00    0.51    0.00    0.00    0.00    0.00    0.00    0.00   62.05
Average:     CPU    %usr   %nice    %sys %iowait    %irq   %soft  %steal  %guest  %gnice   %idle
Average:     all   33.96    0.00    0.25    0.12    0.00    0.00    0.00    0.00    0.00   65.67
Average:       0    0.00    0.00    0.00    0.00    0.00    0.00    0.00    0.00    0.00  100.00
Average:       1   99.50    0.00    0.50    0.00    0.00    0.00    0.00    0.00    0.00    0.00
Average:       2    0.00    0.00    0.00    0.00    0.00    0.00    0.00    0.00    0.00  100.00
Average:       3   35.82    0.00    1.00    0.00    0.00    0.00    0.00    0.00    0.00   63.18
Average:     CPU    %usr   %nice    %sys %iowait    %irq   %soft  %steal  %guest  %gnice   %idle
Average:     all   33.21    0.00    0.38    0.00    0.00    0.00    0.00    0.00    0.00   66.42
Average:       0    0.00    0.00    0.00    0.00    0.00    0.00    0.00    0.00    0.00  100.00
Average:       1   33.17    0.00    1.51    0.00    0.00    0.00    0.00    0.00    0.00   65.33
Average:       2  100.00    0.00    0.00    0.00    0.00    0.00    0.00    0.00    0.00    0.00
Average:       3    0.00    0.00    0.00    0.00    0.00    0.00    0.00    0.00    0.00  100.00
Average:     CPU    %usr   %nice    %sys %iowait    %irq   %soft  %steal  %guest  %gnice   %idle
Average:     all   34.67    0.00    0.38    0.25    0.00    0.00    0.00    0.00    0.00   64.71
Average:       0    0.00    0.00    0.50    1.00    0.00    0.00    0.00    0.00    0.00   98.51
Average:       1    0.00    0.00    0.00    0.00    0.00    0.00    0.00    0.00    0.00  100.00
Average:       2   99.50    0.00    0.50    0.00    0.00    0.00    0.00    0.00    0.00    0.00
Average:       3   39.20    0.00    0.50    0.00    0.00    0.00    0.00    0.00    0.00   60.30
Average:     CPU    %usr   %nice    %sys %iowait    %irq   %soft  %steal  %guest  %gnice   %idle
Average:     all   34.54    0.00    0.25    0.00    0.00    0.00    0.00    0.00    0.00   65.21
Average:       0   99.50    0.00    0.50    0.00    0.00    0.00    0.00    0.00    0.00    0.00
Average:       1   39.20    0.00    0.50    0.00    0.00    0.00    0.00    0.00    0.00   60.30
Average:       2    0.00    0.00    0.00    0.00    0.00    0.00    0.00    0.00    0.00  100.00
Average:       3    0.00    0.00    0.00    0.00    0.00    0.00    0.00    0.00    0.00  100.00
Average:     CPU    %usr   %nice    %sys %iowait    %irq   %soft  %steal  %guest  %gnice   %idle
Average:     all   34.59    0.00    0.50    0.00    0.00    0.00    0.00    0.00    0.00   64.91
Average:       0    0.00    0.00    0.00    0.00    0.00    0.00    0.00    0.00    0.00  100.00
Average:       1    0.00    0.00    0.00    0.00    0.00    0.00    0.00    0.00    0.00  100.00
Average:       2   98.00    0.00    0.50    0.00    0.00    0.00    0.00    0.00    0.00    1.50
Average:       3   40.50    0.00    1.50    0.00    0.00    0.00    0.00    0.00    0.00   58.00
Average:     CPU    %usr   %nice    %sys %iowait    %irq   %soft  %steal  %guest  %gnice   %idle
Average:     all   30.73    0.00    4.03    0.13    0.00    0.00    0.00    0.00    0.00   65.11
Average:       0   24.50    0.00    5.00    0.50    0.00    0.00    0.00    0.00    0.00   70.00
Average:       1   11.11    0.00    1.01    0.00    0.00    0.00    0.00    0.00    0.00   87.88
Average:       2   48.74    0.00    2.51    0.00    0.00    0.00    0.00    0.00    0.00   48.74
Average:       3   38.78    0.00    7.65    0.00    0.00    0.00    0.00    0.00    0.00   53.57
Average:     CPU    %usr   %nice    %sys %iowait    %irq   %soft  %steal  %guest  %gnice   %idle
Average:     all   28.73    0.00    1.76    0.00    0.00    0.00    0.00    0.00    0.00   69.51
Average:       0   35.18    0.00    4.02    0.00    0.00    0.00    0.00    0.00    0.00   60.80
Average:       1   57.00    0.00    0.50    0.00    0.00    0.00    0.00    0.00    0.00   42.50
Average:       2   13.50    0.00    2.50    0.00    0.00    0.00    0.00    0.00    0.00   84.00
Average:       3    9.45    0.00    0.50    0.00    0.00    0.00    0.00    0.00    0.00   90.05
Average:     CPU    %usr   %nice    %sys %iowait    %irq   %soft  %steal  %guest  %gnice   %idle
Average:     all   33.25    0.00    0.25    0.00    0.00    0.00    0.00    0.00    0.00   66.50
Average:       0    0.00    0.00    0.00    0.50    0.00    0.00    0.00    0.00    0.00   99.50
Average:       1  100.00    0.00    0.00    0.00    0.00    0.00    0.00    0.00    0.00    0.00
Average:       2    0.00    0.00    0.00    0.00    0.00    0.00    0.00    0.00    0.00  100.00
Average:       3   33.33    0.00    0.51    0.00    0.00    0.00    0.00    0.00    0.00   66.16
Average:     CPU    %usr   %nice    %sys %iowait    %irq   %soft  %steal  %guest  %gnice   %idle
Average:     all   38.05    0.00    0.76    0.00    0.00    0.00    0.00    0.00    0.00   61.19
Average:       0  100.00    0.00    0.00    0.00    0.00    0.00    0.00    0.00    0.00    0.00
Average:       1   26.77    0.00    2.02    0.00    0.00    0.00    0.00    0.00    0.00   71.21
Average:       2    0.51    0.00    0.00    0.00    0.00    0.00    0.00    0.00    0.00   99.49
Average:       3   24.24    0.00    1.52    0.00    0.00    0.00    0.00    0.00    0.00   74.24
Average:     CPU    %usr   %nice    %sys %iowait    %irq   %soft  %steal  %guest  %gnice   %idle
Average:     all   39.45    0.00    0.50    0.00    0.00    0.00    0.13    0.00    0.00   59.92
Average:       0   99.50    0.00    0.50    0.00    0.00    0.00    0.00    0.00    0.00    0.00
Average:       1   28.50    0.00    1.50    0.50    0.00    0.00    0.00    0.00    0.00   69.50
Average:       2    1.52    0.00    0.00    0.00    0.00    0.00    0.00    0.00    0.00   98.48
Average:       3   27.14    0.00    0.50    0.00    0.00    0.00    0.00    0.00    0.00   72.36
Average:     CPU    %usr   %nice    %sys %iowait    %irq   %soft  %steal  %guest  %gnice   %idle
Average:     all   40.86    0.00    0.50    0.13    0.00    0.00    0.13    0.00    0.00   58.39
Average:       0   99.50    0.00    0.50    0.00    0.00    0.00    0.00    0.00    0.00    0.00
Average:       1   56.85    0.00    1.52    0.00    0.00    0.00    0.00    0.00    0.00   41.62
Average:       2    1.52    0.00    0.00    0.51    0.00    0.00    0.00    0.00    0.00   97.97
Average:       3    4.55    0.00    0.00    0.00    0.00    0.00    0.00    0.00    0.00   95.45
Average:     CPU    %usr   %nice    %sys %iowait    %irq   %soft  %steal  %guest  %gnice   %idle
Average:     all   39.95    0.00    0.50    0.00    0.00    0.00    0.00    0.00    0.00   59.55
Average:       0   44.50    0.00    1.00    0.00    0.00    0.00    0.00    0.00    0.00   54.50
Average:       1    2.06    0.00    0.00    0.00    0.00    0.00    0.00    0.00    0.00   97.94
Average:       2   12.50    0.00    0.00    0.00    0.00    0.00    0.00    0.00    0.00   87.50
Average:       3   99.50    0.00    0.50    0.00    0.00    0.00    0.00    0.00    0.00    0.00
Average:     CPU    %usr   %nice    %sys %iowait    %irq   %soft  %steal  %guest  %gnice   %idle
Average:     all   39.32    0.00    0.50    0.13    0.00    0.00    0.13    0.00    0.00   59.92
Average:       0    0.51    0.00    0.51    0.51    0.00    0.00    0.51    0.00    0.00   97.96
Average:       1    2.00    0.00    0.50    0.00    0.00    0.00    0.00    0.00    0.00   97.50
Average:       2   54.04    0.00    0.51    0.00    0.00    0.00    0.00    0.00    0.00   45.45
Average:       3   99.50    0.00    0.50    0.00    0.00    0.00    0.00    0.00    0.00    0.00
Average:     CPU    %usr   %nice    %sys %iowait    %irq   %soft  %steal  %guest  %gnice   %idle
Average:     all   38.66    0.00    0.50    0.00    0.00    0.00    0.13    0.00    0.00   60.71
Average:       0   55.33    0.00    0.00    0.00    0.00    0.00    0.00    0.00    0.00   44.67
Average:       1   49.49    0.00    1.01    0.00    0.00    0.00    0.51    0.00    0.00   48.99
Average:       2    1.01    0.00    0.00    0.00    0.00    0.00    0.00    0.00    0.00   98.99
Average:       3   48.74    0.00    0.50    0.00    0.00    0.00    0.00    0.00    0.00   50.75
Average:     CPU    %usr   %nice    %sys %iowait    %irq   %soft  %steal  %guest  %gnice   %idle
Average:     all   39.32    0.00    0.38    0.00    0.00    0.00    0.13    0.00    0.00   60.18
Average:       0   46.23    0.00    0.00    0.00    0.00    0.00    0.00    0.00    0.00   53.77
Average:       1   28.79    0.00    0.51    0.00    0.00    0.00    0.00    0.00    0.00   70.71
Average:       2   80.40    0.00    0.50    0.00    0.00    0.00    0.00    0.00    0.00   19.10
Average:       3    1.52    0.00    0.00    0.00    0.00    0.00    0.51    0.00    0.00   97.98
Average:     CPU    %usr   %nice    %sys %iowait    %irq   %soft  %steal  %guest  %gnice   %idle
Average:     all   40.70    0.00    0.75    0.13    0.00    0.00    0.00    0.00    0.00   58.42
Average:       0   22.11    0.00    1.01    0.50    0.00    0.00    0.00    0.00    0.00   76.38
Average:       1   88.50    0.00    1.00    0.00    0.00    0.00    0.00    0.00    0.00   10.50
Average:       2   48.00    0.00    0.50    0.00    0.00    0.00    0.00    0.00    0.00   51.50
Average:       3    3.55    0.00    0.00    0.00    0.00    0.00    0.00    0.00    0.00   96.45
Average:     CPU    %usr   %nice    %sys %iowait    %irq   %soft  %steal  %guest  %gnice   %idle
Average:     all   39.97    0.00    0.75    0.00    0.00    0.00    0.13    0.00    0.00   59.15
Average:       0    3.54    0.00    0.00    0.00    0.00    0.00    0.00    0.00    0.00   96.46
Average:       1    1.51    0.00    0.50    0.00    0.00    0.00    0.50    0.00    0.00   97.49
Average:       2   99.00    0.00    1.00    0.00    0.00    0.00    0.00    0.00    0.00    0.00
Average:       3   55.72    0.00    1.49    0.00    0.00    0.00    0.00    0.00    0.00   42.79
Average:     CPU    %usr   %nice    %sys %iowait    %irq   %soft  %steal  %guest  %gnice   %idle
Average:     all   40.18    0.00    0.76    0.13    0.00    0.00    0.00    0.00    0.00   58.94
Average:       0   31.31    0.00    1.01    0.51    0.00    0.00    0.00    0.00    0.00   67.17
Average:       1    1.01    0.00    0.00    0.00    0.00    0.00    0.00    0.00    0.00   98.99
Average:       2   98.50    0.00    0.50    0.00    0.00    0.00    0.00    0.00    0.00    1.00
Average:       3   29.29    0.00    1.52    0.00    0.00    0.00    0.00    0.00    0.00   69.19
Average:     CPU    %usr   %nice    %sys %iowait    %irq   %soft  %steal  %guest  %gnice   %idle
Average:     all   39.52    0.00    0.75    0.00    0.00    0.00    0.13    0.00    0.00   59.60
Average:       0   55.00    0.00    2.00    0.00    0.00    0.00    0.50    0.00    0.00   42.50
Average:       1    2.04    0.00    0.51    0.00    0.00    0.00    0.51    0.00    0.00   96.94
Average:       2    0.50    0.00    0.00    0.00    0.00    0.00    0.00    0.00    0.00   99.50
Average:       3   99.50    0.00    0.50    0.00    0.00    0.00    0.00    0.00    0.00    0.00
Average:     CPU    %usr   %nice    %sys %iowait    %irq   %soft  %steal  %guest  %gnice   %idle
Average:     all   39.55    0.00    0.76    0.00    0.00    0.00    0.00    0.00    0.00   59.70
Average:       0    1.52    0.00    0.00    0.00    0.00    0.00    0.00    0.00    0.00   98.48
Average:       1    1.52    0.00    0.00    0.00    0.00    0.00    0.51    0.00    0.00   97.97
Average:       2   99.50    0.00    0.50    0.00    0.00    0.00    0.00    0.00    0.00    0.00
Average:       3   55.00    0.00    2.00    0.00    0.00    0.00    0.00    0.00    0.00   43.00
Average:     CPU    %usr   %nice    %sys %iowait    %irq   %soft  %steal  %guest  %gnice   %idle
Average:     all   39.55    0.00    0.63    0.00    0.00    0.00    0.00    0.00    0.00   59.82
Average:       0    0.50    0.00    0.00    0.50    0.00    0.00    0.00    0.00    0.00   98.99
Average:       1   55.78    0.00    1.01    0.00    0.00    0.00    0.00    0.00    0.00   43.22
Average:       2   99.50    0.00    0.00    0.00    0.00    0.00    0.00    0.00    0.00    0.50
Average:       3    2.05    0.00    0.51    0.00    0.00    0.00    0.00    0.00    0.00   97.44
Average:     CPU    %usr   %nice    %sys %iowait    %irq   %soft  %steal  %guest  %gnice   %idle
Average:     all   29.95    0.00    2.88    0.75    0.00    0.00    0.00    0.00    0.00   66.42
Average:       0   49.25    0.00    5.03    2.51    0.00    0.00    0.00    0.00    0.00   43.22
Average:       1   34.67    0.00    1.51    0.00    0.00    0.00    0.00    0.00    0.00   63.82
Average:       2   21.89    0.00    2.99    0.00    0.00    0.00    0.00    0.00    0.00   75.12
Average:       3   14.36    0.00    2.48    0.50    0.00    0.00    0.00    0.00    0.00   82.67
Average:     CPU    %usr   %nice    %sys %iowait    %irq   %soft  %steal  %guest  %gnice   %idle
Average:     all   24.06    0.00    1.00    0.88    0.00    0.00    0.00    0.00    0.00   74.06
Average:       0   96.02    0.00    3.48    0.00    0.00    0.50    0.00    0.00    0.00    0.00
Average:       1    0.00    0.00    0.00    3.03    0.00    0.00    0.00    0.00    0.00   96.97
Average:       2    0.00    0.00    0.50    0.00    0.00    0.00    0.00    0.00    0.00   99.50
Average:       3    0.00    0.00    0.00    0.00    0.00    0.00    0.00    0.00    0.00  100.00
Average:     CPU    %usr   %nice    %sys %iowait    %irq   %soft  %steal  %guest  %gnice   %idle
Average:     all   24.03    0.00    1.00    0.00    0.00    0.00    0.00    0.00    0.00   74.97
Average:       0   96.00    0.00    4.00    0.00    0.00    0.00    0.00    0.00    0.00    0.00
Average:       1    0.00    0.00    0.00    0.00    0.00    0.00    0.00    0.00    0.00  100.00
Average:       2    0.00    0.00    0.00    0.00    0.00    0.00    0.00    0.00    0.00  100.00
Average:       3    0.00    0.00    0.50    0.00    0.00    0.00    0.00    0.00    0.00   99.50
Average:     CPU    %usr   %nice    %sys %iowait    %irq   %soft  %steal  %guest  %gnice   %idle
Average:     all   24.41    0.00    0.63    0.00    0.00    0.00    0.00    0.00    0.00   74.97
Average:       0   97.50    0.00    2.50    0.00    0.00    0.00    0.00    0.00    0.00    0.00
Average:       1    0.00    0.00    0.50    0.00    0.00    0.00    0.00    0.00    0.00   99.50
Average:       2    0.00    0.00    0.00    0.00    0.00    0.00    0.00    0.00    0.00  100.00
Average:       3    0.00    0.00    0.00    0.00    0.00    0.00    0.00    0.00    0.00  100.00
Average:     CPU    %usr   %nice    %sys %iowait    %irq   %soft  %steal  %guest  %gnice   %idle
Average:     all   24.53    0.00    1.00    1.38    0.00    0.00    0.00    0.00    0.00   73.09
Average:       0   97.00    0.00    3.00    0.00    0.00    0.00    0.00    0.00    0.00    0.00
Average:       1    0.50    0.00    0.50    5.00    0.00    0.00    0.00    0.00    0.00   94.00
Average:       2    0.50    0.00    0.50    0.50    0.00    0.00    0.00    0.00    0.00   98.50
Average:       3    0.00    0.00    0.50    0.00    0.00    0.00    0.00    0.00    0.00   99.50
Average:     CPU    %usr   %nice    %sys %iowait    %irq   %soft  %steal  %guest  %gnice   %idle
Average:     all   24.25    0.00    0.88    0.00    0.00    0.00    0.00    0.00    0.00   74.88
Average:       0   97.00    0.00    3.00    0.00    0.00    0.00    0.00    0.00    0.00    0.00
Average:       1    0.00    0.00    0.00    0.00    0.00    0.00    0.00    0.00    0.00  100.00
Average:       2    0.00    0.00    0.50    0.00    0.00    0.00    0.00    0.00    0.00   99.50
Average:       3    0.00    0.00    0.50    0.00    0.00    0.00    0.00    0.00    0.00   99.50
Average:     CPU    %usr   %nice    %sys %iowait    %irq   %soft  %steal  %guest  %gnice   %idle
Average:     all   24.00    0.00    1.38    1.75    0.00    0.00    0.00    0.00    0.00   72.88
Average:       0   96.50    0.00    3.50    0.00    0.00    0.00    0.00    0.00    0.00    0.00
Average:       1    0.00    0.00    1.00    7.46    0.00    0.00    0.00    0.00    0.00   91.54
Average:       2    0.00    0.00    0.00    0.00    0.00    0.00    0.00    0.00    0.00  100.00
Average:       3    0.00    0.00    1.00    0.00    0.00    0.00    0.00    0.00    0.00   99.00
Average:     CPU    %usr   %nice    %sys %iowait    %irq   %soft  %steal  %guest  %gnice   %idle
Average:     all   24.84    0.00    0.37    0.00    0.00    0.00    0.00    0.00    0.00   74.78
Average:       0   99.00    0.00    1.00    0.00    0.00    0.00    0.00    0.00    0.00    0.00
Average:       1    0.00    0.00    0.00    0.00    0.00    0.00    0.00    0.00    0.00  100.00
Average:       2    0.00    0.00    0.50    0.00    0.00    0.00    0.00    0.00    0.00   99.50
Average:       3    0.50    0.00    0.00    0.00    0.00    0.00    0.00    0.00    0.00   99.50
Average:     CPU    %usr   %nice    %sys %iowait    %irq   %soft  %steal  %guest  %gnice   %idle
Average:     all   24.66    0.00    0.38    0.00    0.00    0.00    0.00    0.00    0.00   74.97
Average:       0   98.49    0.00    1.01    0.00    0.00    0.00    0.00    0.00    0.00    0.50
Average:       1    0.00    0.00    0.00    0.00    0.00    0.00    0.00    0.00    0.00  100.00
Average:       2    0.00    0.00    0.00    0.00    0.00    0.00    0.00    0.00    0.00  100.00
Average:       3    0.00    0.00    0.50    0.00    0.00    0.00    0.00    0.00    0.00   99.50
Average:     CPU    %usr   %nice    %sys %iowait    %irq   %soft  %steal  %guest  %gnice   %idle
Average:     all   24.94    0.00    0.13    0.25    0.00    0.00    0.00    0.00    0.00   74.69
Average:       0   99.00    0.00    1.00    0.00    0.00    0.00    0.00    0.00    0.00    0.00
Average:       1    0.00    0.00    0.00    1.01    0.00    0.00    0.00    0.00    0.00   98.99
Average:       2    0.00    0.00    0.00    0.00    0.00    0.00    0.00    0.00    0.00  100.00
Average:       3    0.00    0.00    0.50    0.00    0.00    0.00    0.00    0.00    0.00   99.50
Average:     CPU    %usr   %nice    %sys %iowait    %irq   %soft  %steal  %guest  %gnice   %idle
Average:     all   24.75    0.00    0.25    0.00    0.00    0.00    0.00    0.00    0.00   75.00
Average:       0    0.00    0.00    0.00    0.00    0.00    0.00    0.00    0.00    0.00  100.00
Average:       1    0.00    0.00    0.00    0.00    0.00    0.00    0.00    0.00    0.00  100.00
Average:       2    0.00    0.00    0.00    0.00    0.00    0.00    0.00    0.00    0.00  100.00
Average:       3   98.51    0.00    1.00    0.00    0.00    0.00    0.00    0.00    0.00    0.50
Average:     CPU    %usr   %nice    %sys %iowait    %irq   %soft  %steal  %guest  %gnice   %idle
Average:     all   24.88    0.00    0.38    0.25    0.00    0.00    0.00    0.00    0.00   74.50
Average:       0    0.00    0.00    0.50    1.49    0.00    0.00    0.00    0.00    0.00   98.01
Average:       1    0.00    0.00    0.00    0.00    0.00    0.00    0.00    0.00    0.00  100.00
Average:       2    0.00    0.00    0.00    0.00    0.00    0.00    0.00    0.00    0.00  100.00
Average:       3   99.50    0.00    0.50    0.00    0.00    0.00    0.00    0.00    0.00    0.00
Average:     CPU    %usr   %nice    %sys %iowait    %irq   %soft  %steal  %guest  %gnice   %idle
Average:     all   22.77    0.00    1.76    0.13    0.00    0.00    0.00    0.00    0.00   75.35
Average:       0   49.75    0.00    4.06    0.51    0.00    0.00    0.00    0.00    0.00   45.69
Average:       1    0.00    0.00    0.50    0.00    0.00    0.00    0.00    0.00    0.00   99.50
Average:       2    0.00    0.00    0.50    0.00    0.00    0.00    0.00    0.00    0.00   99.50
Average:       3   42.00    0.00    2.00    0.00    0.00    0.00    0.00    0.00    0.00   56.00
Average:     CPU    %usr   %nice    %sys %iowait    %irq   %soft  %steal  %guest  %gnice   %idle
Average:     all    0.00    0.00    0.00    0.00    0.00    0.00    0.00    0.00    0.00  100.00
Average:       0    0.00    0.00    0.00    0.00    0.00    0.00    0.00    0.00    0.00  100.00
Average:       1    0.00    0.00    0.00    0.00    0.00    0.00    0.00    0.00    0.00  100.00
Average:       2    0.00    0.00    0.00    0.00    0.00    0.00    0.00    0.00    0.00  100.00
Average:       3    0.00    0.00    0.00    0.00    0.00    0.00    0.00    0.00    0.00  100.00
Average:     CPU    %usr   %nice    %sys %iowait    %irq   %soft  %steal  %guest  %gnice   %idle
Average:     all    0.00    0.00    0.00    0.00    0.00    0.00    0.00    0.00    0.00  100.00
Average:       0    0.00    0.00    0.00    0.00    0.00    0.00    0.00    0.00    0.00  100.00
Average:       1    0.00    0.00    0.00    0.00    0.00    0.00    0.00    0.00    0.00  100.00
Average:       2    0.00    0.00    0.00    0.00    0.00    0.00    0.00    0.00    0.00  100.00
Average:       3    0.00    0.00    0.00    0.00    0.00    0.00    0.00    0.00    0.00  100.00
Average:     CPU    %usr   %nice    %sys %iowait    %irq   %soft  %steal  %guest  %gnice   %idle
Average:     all    0.00    0.00    0.00    0.00    0.00    0.00    0.00    0.00    0.00  100.00
Average:       0    0.00    0.00    0.00    0.00    0.00    0.00    0.00    0.00    0.00  100.00
Average:       1    0.00    0.00    0.00    0.00    0.00    0.00    0.00    0.00    0.00  100.00
Average:       2    0.50    0.00    0.00    0.00    0.00    0.00    0.00    0.00    0.00   99.50
Average:       3    0.00    0.00    0.00    0.00    0.00    0.00    0.00    0.00    0.00  100.00
Average:     CPU    %usr   %nice    %sys %iowait    %irq   %soft  %steal  %guest  %gnice   %idle
Average:     all    0.00    0.00    0.00    0.00    0.00    0.00    0.00    0.00    0.00  100.00
Average:       0    0.00    0.00    0.00    0.00    0.00    0.00    0.00    0.00    0.00  100.00
Average:       1    0.00    0.00    0.00    0.00    0.00    0.00    0.00    0.00    0.00  100.00
Average:       2    0.00    0.00    0.00    0.00    0.00    0.00    0.00    0.00    0.00  100.00
Average:       3    0.00    0.00    0.00    0.00    0.00    0.00    0.00    0.00    0.00  100.00
Average:     CPU    %usr   %nice    %sys %iowait    %irq   %soft  %steal  %guest  %gnice   %idle
Average:     all    0.00    0.00    0.12    0.00    0.00    0.00    0.00    0.00    0.00   99.88
Average:       0    0.00    0.00    0.00    0.00    0.00    0.00    0.00    0.00    0.00  100.00
Average:       1    0.00    0.00    0.00    0.00    0.00    0.00    0.00    0.00    0.00  100.00
Average:       2    0.00    0.00    0.00    0.00    0.00    0.00    0.00    0.00    0.00  100.00
Average:       3    0.00    0.00    0.50    0.00    0.00    0.00    0.00    0.00    0.00   99.50
Average:     CPU    %usr   %nice    %sys %iowait    %irq   %soft  %steal  %guest  %gnice   %idle
Average:     all    0.00    0.00    0.00    0.00    0.00    0.00    0.00    0.00    0.00  100.00
Average:       0    0.00    0.00    0.00    0.00    0.00    0.00    0.00    0.00    0.00  100.00
Average:       1    0.00    0.00    0.00    0.00    0.00    0.00    0.00    0.00    0.00  100.00
Average:       2    0.00    0.00    0.00    0.00    0.00    0.00    0.00    0.00    0.00  100.00
Average:       3    0.00    0.00    0.00    0.00    0.00    0.00    0.00    0.00    0.00  100.00
Average:     CPU    %usr   %nice    %sys %iowait    %irq   %soft  %steal  %guest  %gnice   %idle
Average:     all    0.00    0.00    0.00    0.00    0.00    0.00    0.00    0.00    0.00  100.00
Average:       0    0.00    0.00    0.00    0.00    0.00    0.00    0.00    0.00    0.00  100.00
Average:       1    0.00    0.00    0.00    0.00    0.00    0.00    0.00    0.00    0.00  100.00
Average:       2    0.00    0.00    0.00    0.00    0.00    0.00    0.00    0.00    0.00  100.00
Average:       3    0.00    0.00    0.00    0.00    0.00    0.00    0.00    0.00    0.00  100.00
Average:     CPU    %usr   %nice    %sys %iowait    %irq   %soft  %steal  %guest  %gnice   %idle
Average:     all    0.00    0.00    0.12    0.00    0.00    0.00    0.00    0.00    0.00   99.88
Average:       0    0.50    0.00    0.50    0.00    0.00    0.00    0.00    0.00    0.00   99.01
Average:       1    0.00    0.00    0.00    0.00    0.00    0.00    0.00    0.00    0.00  100.00
Average:       2    0.00    0.00    0.00    0.00    0.00    0.00    0.00    0.00    0.00  100.00
Average:       3    0.00    0.00    0.00    0.00    0.00    0.00    0.00    0.00    0.00  100.00
Average:     CPU    %usr   %nice    %sys %iowait    %irq   %soft  %steal  %guest  %gnice   %idle
Average:     all    0.00    0.00    0.00    0.00    0.00    0.00    0.00    0.00    0.00  100.00
Average:       0    0.00    0.00    0.00    0.00    0.00    0.00    0.00    0.00    0.00  100.00
Average:       1    0.00    0.00    0.00    0.00    0.00    0.00    0.00    0.00    0.00  100.00
Average:       2    0.00    0.00    0.00    0.00    0.00    0.00    0.00    0.00    0.00  100.00
Average:       3    0.00    0.00    0.00    0.00    0.00    0.00    0.00    0.00    0.00  100.00
Average:     CPU    %usr   %nice    %sys %iowait    %irq   %soft  %steal  %guest  %gnice   %idle
Average:     all    0.00    0.00    0.12    0.00    0.00    0.00    0.00    0.00    0.00   99.88
Average:       0    0.00    0.00    0.00    0.00    0.00    0.00    0.00    0.00    0.00  100.00
Average:       1    0.00    0.00    0.00    0.00    0.00    0.00    0.00    0.00    0.00  100.00
Average:       2    0.00    0.00    0.00    0.00    0.00    0.00    0.00    0.00    0.00  100.00
Average:       3    0.00    0.00    0.50    0.00    0.00    0.00    0.00    0.00    0.00   99.50
Average:     CPU    %usr   %nice    %sys %iowait    %irq   %soft  %steal  %guest  %gnice   %idle
Average:     all    0.00    0.00    0.12    0.00    0.00    0.00    0.12    0.00    0.00   99.75
Average:       0    0.00    0.00    0.00    0.00    0.00    0.00    0.00    0.00    0.00  100.00
Average:       1    0.00    0.00    0.00    0.00    0.00    0.00    0.00    0.00    0.00  100.00
Average:       2    0.00    0.00    0.00    0.00    0.00    0.00    0.00    0.00    0.00  100.00
Average:       3    0.00    0.00    0.00    0.00    0.00    0.00    0.00    0.00    0.00  100.00
Average:     CPU    %usr   %nice    %sys %iowait    %irq   %soft  %steal  %guest  %gnice   %idle
Average:     all    0.00    0.00    0.00    0.00    0.00    0.00    0.00    0.00    0.00  100.00
Average:       0    0.00    0.00    0.00    0.00    0.00    0.00    0.00    0.00    0.00  100.00
Average:       1    0.00    0.00    0.00    0.00    0.00    0.00    0.00    0.00    0.00  100.00
Average:       2    0.00    0.00    0.00    0.00    0.00    0.00    0.00    0.00    0.00  100.00
Average:       3    0.00    0.00    0.00    0.00    0.00    0.00    0.00    0.00    0.00  100.00
Average:     CPU    %usr   %nice    %sys %iowait    %irq   %soft  %steal  %guest  %gnice   %idle
Average:     all    0.00    0.00    0.00    0.00    0.00    0.00    0.00    0.00    0.00  100.00
Average:       0    0.00    0.00    0.00    0.00    0.00    0.00    0.00    0.00    0.00  100.00
Average:       1    0.00    0.00    0.00    0.00    0.00    0.00    0.00    0.00    0.00  100.00
Average:       2    0.00    0.00    0.00    0.00    0.00    0.00    0.00    0.00    0.00  100.00
Average:       3    0.00    0.00    0.00    0.00    0.00    0.00    0.00    0.00    0.00  100.00
Average:     CPU    %usr   %nice    %sys %iowait    %irq   %soft  %steal  %guest  %gnice   %idle
Average:     all    0.00    0.00    0.00    0.00    0.00    0.00    0.00    0.00    0.00  100.00
Average:       0    0.00    0.00    0.00    0.00    0.00    0.00    0.00    0.00    0.00  100.00
Average:       1    0.00    0.00    0.50    0.00    0.00    0.00    0.00    0.00    0.00   99.50
Average:       2    0.00    0.00    0.00    0.00    0.00    0.00    0.00    0.00    0.00  100.00
Average:       3    0.00    0.00    0.00    0.00    0.00    0.00    0.00    0.00    0.00  100.00
Average:     CPU    %usr   %nice    %sys %iowait    %irq   %soft  %steal  %guest  %gnice   %idle
Average:     all    0.00    0.00    0.12    0.00    0.00    0.00    0.00    0.00    0.00   99.88
Average:       0    0.00    0.00    0.00    0.00    0.00    0.00    0.00    0.00    0.00  100.00
Average:       1    0.00    0.00    0.00    0.00    0.00    0.00    0.00    0.00    0.00  100.00
Average:       2    0.00    0.00    0.00    0.00    0.00    0.00    0.00    0.00    0.00  100.00
Average:       3    0.00    0.00    0.50    0.00    0.00    0.00    0.00    0.00    0.00   99.50
Average:     CPU    %usr   %nice    %sys %iowait    %irq   %soft  %steal  %guest  %gnice   %idle
Average:     all    0.12    0.00    0.00    0.00    0.00    0.00    0.00    0.00    0.00   99.88
Average:       0    0.00    0.00    0.00    0.00    0.00    0.00    0.00    0.00    0.00  100.00
Average:       1    0.00    0.00    0.00    0.00    0.00    0.00    0.00    0.00    0.00  100.00
Average:       2    0.00    0.00    0.00    0.00    0.00    0.00    0.00    0.00    0.00  100.00
Average:       3    0.00    0.00    0.00    0.00    0.00    0.00    0.00    0.00    0.00  100.00
Average:     CPU    %usr   %nice    %sys %iowait    %irq   %soft  %steal  %guest  %gnice   %idle
Average:     all    3.76    0.00   12.03    0.88    0.00    0.00    0.00    0.00    0.00   83.33
Average:       0   15.00    0.00   46.00    3.50    0.00    0.00    0.00    0.00    0.00   35.50
Average:       1    0.00    0.00    0.00    0.00    0.00    0.00    0.00    0.00    0.00  100.00
Average:       2    0.00    0.00    2.49    0.00    0.00    0.00    0.00    0.00    0.00   97.51
Average:       3    0.00    0.00    0.00    0.00    0.00    0.00    0.00    0.00    0.00  100.00
Average:     CPU    %usr   %nice    %sys %iowait    %irq   %soft  %steal  %guest  %gnice   %idle
Average:     all    5.61    0.00   19.58    0.00    0.00    0.00    0.00    0.00    0.00   74.81
Average:       0   22.39    0.00   77.61    0.00    0.00    0.00    0.00    0.00    0.00    0.00
Average:       1    0.00    0.00    0.00    0.00    0.00    0.00    0.00    0.00    0.00  100.00
Average:       2    0.00    0.00    0.50    0.00    0.00    0.00    0.00    0.00    0.00   99.50
Average:       3    0.00    0.00    0.00    0.00    0.00    0.00    0.00    0.00    0.00  100.00
Average:     CPU    %usr   %nice    %sys %iowait    %irq   %soft  %steal  %guest  %gnice   %idle
Average:     all   25.03    0.00    0.00    0.00    0.00    0.00    0.00    0.00    0.00   74.97
Average:       0   99.50    0.00    0.50    0.00    0.00    0.00    0.00    0.00    0.00    0.00
Average:       1    0.00    0.00    0.00    0.00    0.00    0.00    0.00    0.00    0.00  100.00
Average:       2    0.00    0.00    0.00    0.00    0.00    0.00    0.00    0.00    0.00  100.00
Average:       3    0.00    0.00    0.00    0.00    0.00    0.00    0.00    0.00    0.00  100.00
Average:     CPU    %usr   %nice    %sys %iowait    %irq   %soft  %steal  %guest  %gnice   %idle
Average:     all   25.09    0.00    0.12    0.00    0.00    0.00    0.00    0.00    0.00   74.78
Average:       0  100.00    0.00    0.00    0.00    0.00    0.00    0.00    0.00    0.00    0.00
Average:       1    0.00    0.00    0.00    0.00    0.00    0.00    0.00    0.00    0.00  100.00
Average:       2    0.00    0.00    0.00    0.00    0.00    0.00    0.00    0.00    0.00  100.00
Average:       3    0.00    0.00    0.50    0.00    0.00    0.00    0.00    0.00    0.00   99.50
Average:     CPU    %usr   %nice    %sys %iowait    %irq   %soft  %steal  %guest  %gnice   %idle
Average:     all   25.00    0.00    0.12    0.00    0.00    0.00    0.00    0.00    0.00   74.88
Average:       0  100.00    0.00    0.00    0.00    0.00    0.00    0.00    0.00    0.00    0.00
Average:       1    0.00    0.00    0.00    0.00    0.00    0.00    0.00    0.00    0.00  100.00
Average:       2    0.00    0.00    0.50    0.00    0.00    0.00    0.00    0.00    0.00   99.50
Average:       3    0.00    0.00    0.00    0.00    0.00    0.00    0.00    0.00    0.00  100.00
Average:     CPU    %usr   %nice    %sys %iowait    %irq   %soft  %steal  %guest  %gnice   %idle
Average:     all   25.03    0.00    0.00    0.00    0.00    0.00    0.00    0.00    0.00   74.97
Average:       0  100.00    0.00    0.00    0.00    0.00    0.00    0.00    0.00    0.00    0.00
Average:       1    0.00    0.00    0.00    0.00    0.00    0.00    0.00    0.00    0.00  100.00
Average:       2    0.00    0.00    0.50    0.00    0.00    0.00    0.00    0.00    0.00   99.50
Average:       3    0.00    0.00    0.00    0.00    0.00    0.00    0.00    0.00    0.00  100.00
Average:     CPU    %usr   %nice    %sys %iowait    %irq   %soft  %steal  %guest  %gnice   %idle
Average:     all   24.97    0.00    0.25    0.00    0.00    0.00    0.00    0.00    0.00   74.78
Average:       0   99.50    0.00    0.50    0.00    0.00    0.00    0.00    0.00    0.00    0.00
Average:       1    0.00    0.00    0.00    0.00    0.00    0.00    0.00    0.00    0.00  100.00
Average:       2    0.00    0.00    0.00    0.00    0.00    0.00    0.00    0.00    0.00  100.00
Average:       3    0.50    0.00    0.00    0.00    0.00    0.00    0.00    0.00    0.00   99.50
Average:     CPU    %usr   %nice    %sys %iowait    %irq   %soft  %steal  %guest  %gnice   %idle
Average:     all   25.03    0.00    0.00    0.00    0.00    0.00    0.00    0.00    0.00   74.97
Average:       0  100.00    0.00    0.00    0.00    0.00    0.00    0.00    0.00    0.00    0.00
Average:       1    0.00    0.00    0.00    0.00    0.00    0.00    0.00    0.00    0.00  100.00
Average:       2    0.00    0.00    0.00    0.00    0.00    0.00    0.00    0.00    0.00  100.00
Average:       3    0.00    0.00    0.00    0.00    0.00    0.00    0.00    0.00    0.00  100.00
Average:     CPU    %usr   %nice    %sys %iowait    %irq   %soft  %steal  %guest  %gnice   %idle
Average:     all   25.00    0.00    0.12    0.00    0.00    0.00    0.00    0.00    0.00   74.88
Average:       0  100.00    0.00    0.00    0.00    0.00    0.00    0.00    0.00    0.00    0.00
Average:       1    0.00    0.00    0.00    0.00    0.00    0.00    0.00    0.00    0.00  100.00
Average:       2    0.00    0.00    0.00    0.00    0.00    0.00    0.00    0.00    0.00  100.00
Average:       3    0.00    0.00    0.00    0.00    0.00    0.00    0.00    0.00    0.00  100.00
Average:     CPU    %usr   %nice    %sys %iowait    %irq   %soft  %steal  %guest  %gnice   %idle
Average:     all   25.00    0.00    0.12    0.00    0.00    0.00    0.00    0.00    0.00   74.88
Average:       0  100.00    0.00    0.00    0.00    0.00    0.00    0.00    0.00    0.00    0.00
Average:       1    0.00    0.00    0.00    0.00    0.00    0.00    0.00    0.00    0.00  100.00
Average:       2    0.00    0.00    0.00    0.00    0.00    0.00    0.00    0.00    0.00  100.00
Average:       3    0.00    0.00    0.50    0.00    0.00    0.00    0.00    0.00    0.00   99.50
Average:     CPU    %usr   %nice    %sys %iowait    %irq   %soft  %steal  %guest  %gnice   %idle
Average:     all   24.97    0.00    0.25    0.00    0.00    0.00    0.00    0.00    0.00   74.78
Average:       0  100.00    0.00    0.00    0.00    0.00    0.00    0.00    0.00    0.00    0.00
Average:       1    0.00    0.00    0.50    0.00    0.00    0.00    0.00    0.00    0.00   99.50
Average:       2    0.00    0.00    0.00    0.00    0.00    0.00    0.00    0.00    0.00  100.00
Average:       3    0.00    0.00    0.00    0.00    0.00    0.00    0.00    0.00    0.00  100.00
Average:     CPU    %usr   %nice    %sys %iowait    %irq   %soft  %steal  %guest  %gnice   %idle
Average:     all   24.91    0.00    0.13    0.00    0.00    0.00    0.00    0.00    0.00   74.97
Average:       0   99.50    0.00    0.50    0.00    0.00    0.00    0.00    0.00    0.00    0.00
Average:       1    0.00    0.00    0.00    0.00    0.00    0.00    0.00    0.00    0.00  100.00
Average:       2    0.00    0.00    0.00    0.00    0.00    0.00    0.00    0.00    0.00  100.00
Average:       3    0.00    0.00    0.00    0.00    0.00    0.00    0.00    0.00    0.00  100.00
Average:     CPU    %usr   %nice    %sys %iowait    %irq   %soft  %steal  %guest  %gnice   %idle
Average:     all   25.00    0.00    0.12    0.00    0.00    0.00    0.00    0.00    0.00   74.88
Average:       0  100.00    0.00    0.00    0.00    0.00    0.00    0.00    0.00    0.00    0.00
Average:       1    0.00    0.00    0.50    0.00    0.00    0.00    0.00    0.00    0.00   99.50
Average:       2    0.00    0.00    0.00    0.00    0.00    0.00    0.00    0.00    0.00  100.00
Average:       3    0.00    0.00    0.00    0.00    0.00    0.00    0.00    0.00    0.00  100.00
Average:     CPU    %usr   %nice    %sys %iowait    %irq   %soft  %steal  %guest  %gnice   %idle
Average:     all    0.00    0.00    5.56   62.47    0.00    0.00    0.27    0.00    0.00   31.71
Average:       0    0.00    0.00   11.54   87.91    0.00    0.00    0.55    0.00    0.00    0.00
Average:       1    0.00    0.00    2.02   94.44    0.00    0.00    0.00    0.00    0.00    3.54
Average:       2    0.00    0.00    1.80   47.90    0.00    0.00    0.00    0.00    0.00   50.30
Average:       3    0.00    0.00    7.25   18.65    0.00    0.00    0.00    0.00    0.00   74.09
Average:     CPU    %usr   %nice    %sys %iowait    %irq   %soft  %steal  %guest  %gnice   %idle
Average:     all    0.00    0.00    2.89   69.70    0.00    0.00    0.28    0.00    0.00   27.13
Average:       0    0.00    0.00    8.62   90.23    0.00    0.00    1.15    0.00    0.00    0.00
Average:       1    0.00    0.00    2.27   88.07    0.00    0.00    0.00    0.00    0.00    9.66
Average:       2    0.00    0.00    0.55   99.45    0.00    0.00    0.00    0.00    0.00    0.00
Average:       3    0.00    0.00    0.51    7.18    0.00    0.00    0.00    0.00    0.00   92.31
Average:     CPU    %usr   %nice    %sys %iowait    %irq   %soft  %steal  %guest  %gnice   %idle
Average:     all    0.00    0.00   17.97   27.73    0.00    0.00    0.13    0.00    0.00   54.17
Average:       0    0.00    0.00   57.14   41.76    0.00    0.00    0.00    0.00    0.00    1.10
Average:       1    0.00    0.00   15.87   47.09    0.00    0.00    0.53    0.00    0.00   36.51
Average:       2    0.00    0.00    0.50    4.02    0.00    0.00    0.00    0.00    0.00   95.48
Average:       3    0.00    0.00    1.50   20.50    0.00    0.00    0.00    0.00    0.00   78.00
Average:     CPU    %usr   %nice    %sys %iowait    %irq   %soft  %steal  %guest  %gnice   %idle
Average:     all    0.00    0.00   11.63   42.88    0.00    0.00    0.13    0.00    0.00   45.36
Average:       0    0.00    0.00   19.32   80.11    0.00    0.00    0.57    0.00    0.00    0.00
Average:       1    0.00    0.00   21.47   49.21    0.00    0.00    0.00    0.00    0.00   29.32
Average:       2    0.00    0.00    1.50    1.00    0.00    0.00    0.00    0.00    0.00   97.50
Average:       3    0.00    0.00    5.53   46.23    0.00    0.00    0.00    0.00    0.00   48.24
Average:     CPU    %usr   %nice    %sys %iowait    %irq   %soft  %steal  %guest  %gnice   %idle
Average:     all    0.00    0.00   17.86   34.44    0.00    0.00    0.00    0.00    0.00   47.70
Average:       0    0.00    0.00   43.78   54.59    0.00    0.00    0.54    0.00    0.00    1.08
Average:       1    0.00    0.00   18.59   47.24    0.00    0.00    0.00    0.00    0.00   34.17
Average:       2    0.00    0.00    6.47   31.84    0.00    0.00    0.00    0.00    0.00   61.69
Average:       3    0.00    0.00    4.00    5.50    0.00    0.00    0.00    0.00    0.00   90.50
Average:     CPU    %usr   %nice    %sys %iowait    %irq   %soft  %steal  %guest  %gnice   %idle
Average:     all   25.03    0.00    0.00    0.00    0.00    0.00    0.00    0.00    0.00   74.97
Average:       0    0.00    0.00    0.00    0.00    0.00    0.00    0.00    0.00    0.00  100.00
Average:       1    0.00    0.00    0.00    0.00    0.00    0.00    0.00    0.00    0.00  100.00
Average:       2  100.00    0.00    0.00    0.00    0.00    0.00    0.00    0.00    0.00    0.00
Average:       3    0.00    0.00    0.00    0.00    0.00    0.00    0.00    0.00    0.00  100.00
Average:     CPU    %usr   %nice    %sys %iowait    %irq   %soft  %steal  %guest  %gnice   %idle
Average:     all   25.00    0.00    0.00    0.00    0.00    0.00    0.00    0.00    0.00   75.00
Average:       0    0.00    0.00    0.00    0.00    0.00    0.00    0.00    0.00    0.00  100.00
Average:       1    0.00    0.00    0.00    0.00    0.00    0.00    0.00    0.00    0.00  100.00
Average:       2  100.00    0.00    0.00    0.00    0.00    0.00    0.00    0.00    0.00    0.00
Average:       3    0.00    0.00    0.00    0.00    0.00    0.00    0.00    0.00    0.00  100.00
Average:     CPU    %usr   %nice    %sys %iowait    %irq   %soft  %steal  %guest  %gnice   %idle
Average:     all   25.00    0.00    0.00    0.00    0.00    0.00    0.00    0.00    0.00   75.00
Average:       0  100.00    0.00    0.00    0.00    0.00    0.00    0.00    0.00    0.00    0.00
Average:       1    0.00    0.00    0.00    0.00    0.00    0.00    0.00    0.00    0.00  100.00
Average:       2    0.00    0.00    0.00    0.00    0.00    0.00    0.00    0.00    0.00  100.00
Average:       3    0.00    0.00    0.00    0.00    0.00    0.00    0.00    0.00    0.00  100.00
Average:     CPU    %usr   %nice    %sys %iowait    %irq   %soft  %steal  %guest  %gnice   %idle
Average:     all   25.00    0.00    0.00    0.00    0.00    0.00    0.00    0.00    0.00   75.00
Average:       0  100.00    0.00    0.00    0.00    0.00    0.00    0.00    0.00    0.00    0.00
Average:       1    0.00    0.00    0.00    0.00    0.00    0.00    0.00    0.00    0.00  100.00
Average:       2    0.00    0.00    0.00    0.00    0.00    0.00    0.00    0.00    0.00  100.00
Average:       3    0.00    0.00    0.00    0.00    0.00    0.00    0.00    0.00    0.00  100.00
Average:     CPU    %usr   %nice    %sys %iowait    %irq   %soft  %steal  %guest  %gnice   %idle
Average:     all    0.25    0.00   20.33    3.43    0.00    0.00    0.13    0.00    0.00   75.86
Average:       0    1.06    0.00   64.02   13.76    0.00    0.00    0.53    0.00    0.00   20.63
Average:       1    0.00    0.00    0.50    0.50    0.00    0.00    0.00    0.00    0.00   99.00
Average:       2    0.00    0.00   19.10    0.00    0.00    0.00    0.00    0.00    0.00   80.90
Average:       3    0.00    0.00    0.00    0.00    0.00    0.00    0.00    0.00    0.00  100.00
Average:     CPU    %usr   %nice    %sys %iowait    %irq   %soft  %steal  %guest  %gnice   %idle
Average:     all    0.00    0.00    7.49   13.67    0.00    0.00    0.13    0.00    0.00   78.71
Average:       0    0.00    0.00   35.58   63.80    0.00    0.00    0.61    0.00    0.00    0.00
Average:       1    0.00    0.00    0.00    0.00    0.00    0.00    0.00    0.00    0.00  100.00
Average:       2    0.00    0.00    0.00    0.00    0.00    0.00    0.00    0.00    0.00  100.00
Average:       3    0.00    0.00    0.00    0.00    0.00    0.00    0.00    0.00    0.00  100.00
Average:     CPU    %usr   %nice    %sys %iowait    %irq   %soft  %steal  %guest  %gnice   %idle
Average:     all    0.00    0.00    7.64   13.44    0.00    0.00    0.00    0.00    0.00   78.92
Average:       0    0.00    0.00   36.02   63.98    0.00    0.00    0.00    0.00    0.00    0.00
Average:       1    0.00    0.00    0.00    0.00    0.00    0.00    0.00    0.00    0.00  100.00
Average:       2    0.00    0.00    0.00    0.00    0.00    0.00    0.00    0.00    0.00  100.00
Average:       3    0.00    0.00    0.00    0.00    0.00    0.00    0.00    0.00    0.00  100.00
Average:     CPU    %usr   %nice    %sys %iowait    %irq   %soft  %steal  %guest  %gnice   %idle
Average:     all    0.00    0.00   10.88   13.21    0.00    0.00    0.26    0.00    0.00   75.65
Average:       0    0.00    0.00   38.92   61.08    0.00    0.00    0.00    0.00    0.00    0.00
Average:       1    0.00    0.00    0.00    0.00    0.00    0.00    0.00    0.00    0.00  100.00
Average:       2    0.00    0.00    6.00    0.00    0.00    0.00    0.00    0.00    0.00   94.00
Average:       3    0.00    0.00    2.49    0.00    0.00    0.00    0.00    0.00    0.00   97.51
Average:     CPU    %usr   %nice    %sys %iowait    %irq   %soft  %steal  %guest  %gnice   %idle
Average:     all   17.05    0.00    3.28    4.42    0.00    0.00    0.13    0.00    0.00   75.13
Average:       0   70.47    0.00   10.88   18.13    0.00    0.00    0.52    0.00    0.00    0.00
Average:       1    0.00    0.00    0.50    0.00    0.00    0.00    0.00    0.00    0.00   99.50
Average:       2    0.00    0.00    2.01    0.00    0.00    0.00    0.00    0.00    0.00   97.99
Average:       3    0.00    0.00    1.00    0.00    0.00    0.00    0.00    0.00    0.00   99.00
Average:     CPU    %usr   %nice    %sys %iowait    %irq   %soft  %steal  %guest  %gnice   %idle
Average:     all    0.00    0.00   29.74   18.03    0.00    0.00    0.40    0.00    0.00   51.82
Average:       0    0.00    0.00   27.74   69.68    0.00    0.00    2.58    0.00    0.00    0.00
Average:       1    0.00    0.00    2.02    1.52    0.00    0.00    0.00    0.00    0.00   96.46
Average:       2    0.00    0.00   81.15   12.04    0.00    0.00    0.00    0.00    0.00    6.81
Average:       3    0.00    0.00    9.09    0.51    0.00    0.00    0.00    0.00    0.00   90.40
Average:     CPU    %usr   %nice    %sys %iowait    %irq   %soft  %steal  %guest  %gnice   %idle
Average:     all    0.00    0.00   32.49   15.49    0.00    0.00    0.13    0.00    0.00   51.89
Average:       0    0.00    0.00   99.50    0.50    0.00    0.00    0.00    0.00    0.00    0.00
Average:       1    0.00    0.00    7.61   10.15    0.00    0.00    0.00    0.00    0.00   82.23
Average:       2    0.00    0.00   10.05   17.59    0.00    0.00    0.00    0.00    0.00   72.36
Average:       3    0.00    0.00   13.07   33.67    0.00    0.00    0.00    0.00    0.00   53.27
Average:     CPU    %usr   %nice    %sys %iowait    %irq   %soft  %steal  %guest  %gnice   %idle
Average:     all    0.14    0.00    6.80   33.29    0.00    0.00    0.28    0.00    0.00   59.49
Average:       0    0.00    0.00   18.71   77.78    0.00    0.00    1.17    0.00    0.00    2.34
Average:       1    0.00    0.00    4.00   26.29    0.00    0.00    0.00    0.00    0.00   69.71
Average:       2    0.00    0.00    2.82   18.64    0.00    0.00    0.00    0.00    0.00   78.53
Average:       3    0.54    0.00    3.24   12.97    0.00    0.00    0.00    0.00    0.00   83.24
Average:     CPU    %usr   %nice    %sys %iowait    %irq   %soft  %steal  %guest  %gnice   %idle
Average:     all   25.12    0.00    0.50    0.88    0.00    0.00    0.00    0.00    0.00   73.50
Average:       0  100.00    0.00    0.00    0.00    0.00    0.00    0.00    0.00    0.00    0.00
Average:       1    0.00    0.00    2.01    3.02    0.00    0.00    0.00    0.00    0.00   94.97
Average:       2    0.00    0.00    0.00    0.00    0.00    0.00    0.00    0.00    0.00  100.00
Average:       3    0.00    0.00    0.00    0.00    0.00    0.00    0.00    0.00    0.00  100.00
Average:     CPU    %usr   %nice    %sys %iowait    %irq   %soft  %steal  %guest  %gnice   %idle
Average:     all   25.03    0.00    0.00    0.00    0.00    0.00    0.00    0.00    0.00   74.97
Average:       0  100.00    0.00    0.00    0.00    0.00    0.00    0.00    0.00    0.00    0.00
Average:       1    0.00    0.00    0.00    0.00    0.00    0.00    0.00    0.00    0.00  100.00
Average:       2    0.00    0.00    0.00    0.00    0.00    0.00    0.00    0.00    0.00  100.00
Average:       3    0.00    0.00    0.00    0.00    0.00    0.00    0.00    0.00    0.00  100.00
Average:     CPU    %usr   %nice    %sys %iowait    %irq   %soft  %steal  %guest  %gnice   %idle
Average:     all   25.12    0.00    0.00    0.00    0.00    0.00    0.00    0.00    0.00   74.88
Average:       0  100.00    0.00    0.00    0.00    0.00    0.00    0.00    0.00    0.00    0.00
Average:       1    0.00    0.00    0.00    0.00    0.00    0.00    0.00    0.00    0.00  100.00
Average:       2    0.00    0.00    0.00    0.00    0.00    0.00    0.00    0.00    0.00  100.00
Average:       3    0.50    0.00    0.00    0.00    0.00    0.00    0.00    0.00    0.00   99.50
Average:     CPU    %usr   %nice    %sys %iowait    %irq   %soft  %steal  %guest  %gnice   %idle
Average:     all   25.03    0.00    0.00    0.00    0.00    0.00    0.00    0.00    0.00   74.97
Average:       0  100.00    0.00    0.00    0.00    0.00    0.00    0.00    0.00    0.00    0.00
Average:       1    0.00    0.00    0.00    0.00    0.00    0.00    0.00    0.00    0.00  100.00
Average:       2    0.50    0.00    0.00    0.00    0.00    0.00    0.00    0.00    0.00   99.50
Average:       3    0.00    0.00    0.00    0.00    0.00    0.00    0.00    0.00    0.00  100.00
Average:     CPU    %usr   %nice    %sys %iowait    %irq   %soft  %steal  %guest  %gnice   %idle
Average:     all   25.00    0.00    0.12    0.00    0.00    0.00    0.00    0.00    0.00   74.88
Average:       0  100.00    0.00    0.00    0.00    0.00    0.00    0.00    0.00    0.00    0.00
Average:       1    0.00    0.00    0.00    0.00    0.00    0.00    0.00    0.00    0.00  100.00
Average:       2    0.00    0.00    0.00    0.00    0.00    0.00    0.00    0.00    0.00  100.00
Average:       3    0.00    0.00    0.00    0.00    0.00    0.00    0.00    0.00    0.00  100.00
Average:     CPU    %usr   %nice    %sys %iowait    %irq   %soft  %steal  %guest  %gnice   %idle
Average:     all    0.00    0.00    6.87   13.87    0.00    0.00    0.26    0.00    0.00   79.00
Average:       0    0.00    0.00   32.05   67.31    0.00    0.00    0.64    0.00    0.00    0.00
Average:       1    0.00    0.00    0.00    0.00    0.00    0.00    0.00    0.00    0.00  100.00
Average:       2    0.00    0.00    0.00    0.00    0.00    0.00    0.00    0.00    0.00  100.00
Average:       3    0.00    0.00    0.00    0.00    0.00    0.00    0.00    0.00    0.00  100.00
Average:     CPU    %usr   %nice    %sys %iowait    %irq   %soft  %steal  %guest  %gnice   %idle
Average:     all    0.00    0.00    6.90   13.53    0.00    0.00    0.13    0.00    0.00   79.44
Average:       0    0.00    0.00   32.26   65.81    0.00    0.00    1.29    0.00    0.00    0.65
Average:       1    0.00    0.00    0.00    0.00    0.00    0.00    0.00    0.00    0.00  100.00
Average:       2    0.00    0.00    0.50    0.00    0.00    0.00    0.00    0.00    0.00   99.50
Average:       3    0.00    0.00    0.50    0.00    0.00    0.00    0.00    0.00    0.00   99.50
Average:     CPU    %usr   %nice    %sys %iowait    %irq   %soft  %steal  %guest  %gnice   %idle
Average:     all    0.00    0.00    7.38   13.83    0.00    0.00    0.00    0.00    0.00   78.79
Average:       0    0.00    0.00   34.16   65.22    0.00    0.00    0.62    0.00    0.00    0.00
Average:       1    0.00    0.00    0.00    0.00    0.00    0.00    0.00    0.00    0.00  100.00
Average:       2    0.00    0.00    0.00    0.00    0.00    0.00    0.00    0.00    0.00  100.00
Average:       3    0.00    0.00    0.00    0.00    0.00    0.00    0.00    0.00    0.00  100.00
Average:     CPU    %usr   %nice    %sys %iowait    %irq   %soft  %steal  %guest  %gnice   %idle
Average:     all    0.26    0.00   10.16   13.41    0.00    0.00    0.13    0.00    0.00   76.04
Average:       0    0.60    0.00   36.75   62.05    0.00    0.00    0.60    0.00    0.00    0.00
Average:       1    0.00    0.00    4.46    0.00    0.00    0.00    0.00    0.00    0.00   95.54
Average:       2    0.00    0.00    4.46    0.00    0.00    0.00    0.00    0.00    0.00   95.54
Average:       3    0.00    0.00    0.00    0.00    0.00    0.00    0.00    0.00    0.00  100.00
Average:     CPU    %usr   %nice    %sys %iowait    %irq   %soft  %steal  %guest  %gnice   %idle
Average:     all    1.66    0.00   22.54    0.00    0.00    0.00    0.00    0.00    0.00   75.80
Average:       0    1.56    0.00   89.06    0.00    0.00    0.00    0.52    0.00    0.00    8.85
Average:       1    5.61    0.00    1.53    0.00    0.00    0.00    0.00    0.00    0.00   92.86
Average:       2    0.00    0.00    0.51    0.00    0.00    0.00    0.00    0.00    0.00   99.49
Average:       3    0.50    0.00    0.50    0.00    0.00    0.00    0.00    0.00    0.00   98.99
Average:     CPU    %usr   %nice    %sys %iowait    %irq   %soft  %steal  %guest  %gnice   %idle
Average:     all    0.00    0.00    0.00    0.00    0.00    0.00    0.00    0.00    0.00  100.00
Average:       0    0.00    0.00    0.00    0.50    0.00    0.00    0.00    0.00    0.00   99.50
Average:       1    0.00    0.00    0.00    0.00    0.00    0.00    0.00    0.00    0.00  100.00
Average:       2    0.00    0.00    0.00    0.00    0.00    0.00    0.00    0.00    0.00  100.00
Average:       3    0.00    0.00    0.00    0.00    0.00    0.00    0.00    0.00    0.00  100.00
Average:     CPU    %usr   %nice    %sys %iowait    %irq   %soft  %steal  %guest  %gnice   %idle
Average:     all    0.00    0.00    0.00    0.00    0.00    0.00    0.00    0.00    0.00  100.00
Average:       0    0.00    0.00    0.00    0.00    0.00    0.00    0.00    0.00    0.00  100.00
Average:       1    0.00    0.00    0.00    0.00    0.00    0.00    0.00    0.00    0.00  100.00
Average:       2    0.00    0.00    0.00    0.00    0.00    0.00    0.00    0.00    0.00  100.00
Average:       3    0.00    0.00    0.00    0.00    0.00    0.00    0.00    0.00    0.00  100.00
Average:     CPU    %usr   %nice    %sys %iowait    %irq   %soft  %steal  %guest  %gnice   %idle
Average:     all    0.00    0.00    0.12    0.00    0.00    0.00    0.00    0.00    0.00   99.88
Average:       0    0.00    0.00    0.50    0.00    0.00    0.00    0.00    0.00    0.00   99.50
Average:       1    0.00    0.00    0.00    0.00    0.00    0.00    0.00    0.00    0.00  100.00
Average:       2    0.00    0.00    0.00    0.00    0.00    0.00    0.00    0.00    0.00  100.00
Average:       3    0.00    0.00    0.00    0.00    0.00    0.00    0.00    0.00    0.00  100.00
Average:     CPU    %usr   %nice    %sys %iowait    %irq   %soft  %steal  %guest  %gnice   %idle
Average:     all    0.00    0.00    0.00    0.00    0.00    0.00    0.00    0.00    0.00  100.00
Average:       0    0.00    0.00    0.00    0.00    0.00    0.00    0.00    0.00    0.00  100.00
Average:       1    0.00    0.00    0.00    0.00    0.00    0.00    0.00    0.00    0.00  100.00
Average:       2    0.00    0.00    0.00    0.00    0.00    0.00    0.00    0.00    0.00  100.00
Average:       3    0.00    0.00    0.00    0.00    0.00    0.00    0.00    0.00    0.00  100.00
Average:     CPU    %usr   %nice    %sys %iowait    %irq   %soft  %steal  %guest  %gnice   %idle
Average:     all    0.00    0.00    0.00    0.00    0.00    0.00    0.00    0.00    0.00  100.00
Average:       0    0.00    0.00    0.00    0.00    0.00    0.00    0.00    0.00    0.00  100.00
Average:       1    0.00    0.00    0.00    0.00    0.00    0.00    0.00    0.00    0.00  100.00
Average:       2    0.00    0.00    0.00    0.00    0.00    0.00    0.00    0.00    0.00  100.00
Average:       3    0.00    0.00    0.00    0.00    0.00    0.00    0.00    0.00    0.00  100.00
Average:     CPU    %usr   %nice    %sys %iowait    %irq   %soft  %steal  %guest  %gnice   %idle
Average:     all    0.00    0.00    0.00    0.00    0.00    0.00    0.00    0.00    0.00  100.00
Average:       0    0.00    0.00    0.00    0.00    0.00    0.00    0.00    0.00    0.00  100.00
Average:       1    0.00    0.00    0.00    0.00    0.00    0.00    0.00    0.00    0.00  100.00
Average:       2    0.00    0.00    0.00    0.00    0.00    0.00    0.00    0.00    0.00  100.00
Average:       3    0.00    0.00    0.00    0.00    0.00    0.00    0.00    0.00    0.00  100.00
Average:     CPU    %usr   %nice    %sys %iowait    %irq   %soft  %steal  %guest  %gnice   %idle
Average:     all    0.00    0.00    0.00    0.00    0.00    0.00    0.00    0.00    0.00  100.00
Average:       0    0.00    0.00    0.00    0.00    0.00    0.00    0.00    0.00    0.00  100.00
Average:       1    0.00    0.00    0.00    0.00    0.00    0.00    0.00    0.00    0.00  100.00
Average:       2    0.00    0.00    0.00    0.00    0.00    0.00    0.00    0.00    0.00  100.00
Average:       3    0.00    0.00    0.00    0.00    0.00    0.00    0.00    0.00    0.00  100.00
Average:     CPU    %usr   %nice    %sys %iowait    %irq   %soft  %steal  %guest  %gnice   %idle
Average:     all    0.00    0.00    0.00    0.00    0.00    0.00    0.00    0.00    0.00  100.00
Average:       0    0.00    0.00    0.00    0.00    0.00    0.00    0.00    0.00    0.00  100.00
Average:       1    0.00    0.00    0.00    0.00    0.00    0.00    0.00    0.00    0.00  100.00
Average:       2    0.00    0.00    0.00    0.00    0.00    0.00    0.00    0.00    0.00  100.00
Average:       3    0.00    0.00    0.00    0.00    0.00    0.00    0.00    0.00    0.00  100.00
Average:     CPU    %usr   %nice    %sys %iowait    %irq   %soft  %steal  %guest  %gnice   %idle
Average:     all    0.00    0.00    0.00    0.00    0.00    0.00    0.00    0.00    0.00  100.00
Average:       0    0.00    0.00    0.00    0.00    0.00    0.00    0.00    0.00    0.00  100.00
Average:       1    0.00    0.00    0.00    0.00    0.00    0.00    0.00    0.00    0.00  100.00
Average:       2    0.00    0.00    0.00    0.00    0.00    0.00    0.00    0.00    0.00  100.00
Average:       3    0.00    0.00    0.00    0.00    0.00    0.00    0.00    0.00    0.00  100.00
Average:     CPU    %usr   %nice    %sys %iowait    %irq   %soft  %steal  %guest  %gnice   %idle
Average:     all    0.00    0.00    0.00    0.00    0.00    0.00    0.00    0.00    0.00  100.00
Average:       0    0.00    0.00    0.00    0.00    0.00    0.00    0.00    0.00    0.00  100.00
Average:       1    0.00    0.00    0.00    0.00    0.00    0.00    0.00    0.00    0.00  100.00
Average:       2    0.00    0.00    0.00    0.00    0.00    0.00    0.00    0.00    0.00  100.00
Average:       3    0.00    0.00    0.00    0.00    0.00    0.00    0.00    0.00    0.00  100.00
Average:     CPU    %usr   %nice    %sys %iowait    %irq   %soft  %steal  %guest  %gnice   %idle
Average:     all    0.00    0.00    0.00    0.00    0.00    0.00    0.00    0.00    0.00  100.00
Average:       0    0.00    0.00    0.00    0.00    0.00    0.00    0.00    0.00    0.00  100.00
Average:       1    0.00    0.00    0.00    0.00    0.00    0.00    0.00    0.00    0.00  100.00
Average:       2    0.00    0.00    0.00    0.00    0.00    0.00    0.00    0.00    0.00  100.00
Average:       3    0.00    0.00    0.00    0.00    0.00    0.00    0.00    0.00    0.00  100.00
Average:     CPU    %usr   %nice    %sys %iowait    %irq   %soft  %steal  %guest  %gnice   %idle
Average:     all    0.12    0.00    0.00    0.00    0.00    0.00    0.00    0.00    0.00   99.88
Average:       0    0.00    0.00    0.00    0.00    0.00    0.00    0.00    0.00    0.00  100.00
Average:       1    0.00    0.00    0.00    0.00    0.00    0.00    0.00    0.00    0.00  100.00
Average:       2    0.00    0.00    0.00    0.00    0.00    0.00    0.00    0.00    0.00  100.00
Average:       3    0.00    0.00    0.00    0.00    0.00    0.00    0.00    0.00    0.00  100.00
Average:     CPU    %usr   %nice    %sys %iowait    %irq   %soft  %steal  %guest  %gnice   %idle
Average:     all    0.00    0.00    0.00    0.00    0.00    0.00    0.00    0.00    0.00  100.00
Average:       0    0.00    0.00    0.00    0.00    0.00    0.00    0.00    0.00    0.00  100.00
Average:       1    0.00    0.00    0.00    0.00    0.00    0.00    0.00    0.00    0.00  100.00
Average:       2    0.00    0.00    0.00    0.00    0.00    0.00    0.00    0.00    0.00  100.00
Average:       3    0.00    0.00    0.00    0.00    0.00    0.00    0.00    0.00    0.00  100.00
Average:     CPU    %usr   %nice    %sys %iowait    %irq   %soft  %steal  %guest  %gnice   %idle
Average:     all    0.00    0.00    0.00    0.00    0.00    0.00    0.00    0.00    0.00  100.00
Average:       0    0.00    0.00    0.00    0.00    0.00    0.00    0.00    0.00    0.00  100.00
Average:       1    0.00    0.00    0.00    0.00    0.00    0.00    0.00    0.00    0.00  100.00
Average:       2    0.00    0.00    0.00    0.00    0.00    0.00    0.00    0.00    0.00  100.00
Average:       3    0.00    0.00    0.00    0.00    0.00    0.00    0.00    0.00    0.00  100.00
Average:     CPU    %usr   %nice    %sys %iowait    %irq   %soft  %steal  %guest  %gnice   %idle
Average:     all    0.00    0.00    0.00    0.00    0.00    0.00    0.00    0.00    0.00  100.00
Average:       0    0.00    0.00    0.00    0.00    0.00    0.00    0.00    0.00    0.00  100.00
Average:       1    0.00    0.00    0.00    0.00    0.00    0.00    0.00    0.00    0.00  100.00
Average:       2    0.00    0.00    0.00    0.00    0.00    0.00    0.00    0.00    0.00  100.00
Average:       3    0.00    0.00    0.00    0.00    0.00    0.00    0.00    0.00    0.00  100.00
Average:     CPU    %usr   %nice    %sys %iowait    %irq   %soft  %steal  %guest  %gnice   %idle
Average:     all    0.00    0.00    0.00    0.00    0.00    0.00    0.00    0.00    0.00  100.00
Average:       0    0.00    0.00    0.00    0.00    0.00    0.00    0.00    0.00    0.00  100.00
Average:       1    0.00    0.00    0.00    0.00    0.00    0.00    0.00    0.00    0.00  100.00
Average:       2    0.00    0.00    0.00    0.00    0.00    0.00    0.00    0.00    0.00  100.00
Average:       3    0.00    0.00    0.00    0.00    0.00    0.00    0.00    0.00    0.00  100.00
Average:     CPU    %usr   %nice    %sys %iowait    %irq   %soft  %steal  %guest  %gnice   %idle
Average:     all    0.00    0.00    0.00    0.00    0.00    0.00    0.00    0.00    0.00  100.00
Average:       0    0.00    0.00    0.00    0.00    0.00    0.00    0.00    0.00    0.00  100.00
Average:       1    0.00    0.00    0.00    0.00    0.00    0.00    0.00    0.00    0.00  100.00
Average:       2    0.00    0.00    0.00    0.00    0.00    0.00    0.00    0.00    0.00  100.00
Average:       3    0.00    0.00    0.00    0.00    0.00    0.00    0.00    0.00    0.00  100.00
Average:     CPU    %usr   %nice    %sys %iowait    %irq   %soft  %steal  %guest  %gnice   %idle
Average:     all    0.00    0.00    0.00    0.00    0.00    0.00    0.00    0.00    0.00  100.00
Average:       0    0.00    0.00    0.00    0.00    0.00    0.00    0.00    0.00    0.00  100.00
Average:       1    0.00    0.00    0.00    0.00    0.00    0.00    0.00    0.00    0.00  100.00
Average:       2    0.00    0.00    0.00    0.00    0.00    0.00    0.00    0.00    0.00  100.00
Average:       3    0.00    0.00    0.00    0.00    0.00    0.00    0.00    0.00    0.00  100.00
Average:     CPU    %usr   %nice    %sys %iowait    %irq   %soft  %steal  %guest  %gnice   %idle
Average:     all    0.00    0.00    0.00    0.00    0.00    0.00    0.00    0.00    0.00  100.00
Average:       0    0.00    0.00    0.00    0.00    0.00    0.00    0.00    0.00    0.00  100.00
Average:       1    0.00    0.00    0.50    0.00    0.00    0.00    0.00    0.00    0.00   99.50
Average:       2    0.00    0.00    0.00    0.00    0.00    0.00    0.00    0.00    0.00  100.00
Average:       3    0.00    0.00    0.00    0.00    0.00    0.00    0.00    0.00    0.00  100.00
Average:     CPU    %usr   %nice    %sys %iowait    %irq   %soft  %steal  %guest  %gnice   %idle
Average:     all    0.00    0.00    0.00    0.00    0.00    0.00    0.00    0.00    0.00  100.00
Average:       0    0.00    0.00    0.00    0.00    0.00    0.00    0.00    0.00    0.00  100.00
Average:       1    0.00    0.00    0.00    0.00    0.00    0.00    0.00    0.00    0.00  100.00
Average:       2    0.00    0.00    0.00    0.00    0.00    0.00    0.00    0.00    0.00  100.00
Average:       3    0.00    0.00    0.00    0.00    0.00    0.00    0.00    0.00    0.00  100.00
Average:     CPU    %usr   %nice    %sys %iowait    %irq   %soft  %steal  %guest  %gnice   %idle
Average:     all   16.54    0.00    4.92    2.78    0.00    0.00    0.13    0.00    0.00   75.63
Average:       0   56.70    0.00   12.37   10.82    0.00    0.00    0.00    0.00    0.00   20.10
Average:       1    1.49    0.00    2.48    0.50    0.00    0.00    0.00    0.00    0.00   95.54
Average:       2    9.60    0.00    4.04    0.00    0.00    0.00    0.00    0.00    0.00   86.36
Average:       3    0.50    0.00    1.01    0.50    0.00    0.00    0.00    0.00    0.00   97.99
Average:     CPU    %usr   %nice    %sys %iowait    %irq   %soft  %steal  %guest  %gnice   %idle
Average:     all    0.00    0.00    0.00    0.00    0.00    0.00    0.00    0.00    0.00  100.00
Average:       0    0.00    0.00    0.00    0.00    0.00    0.00    0.00    0.00    0.00  100.00
Average:       1    0.00    0.00    0.00    0.00    0.00    0.00    0.00    0.00    0.00  100.00
Average:       2    0.00    0.00    0.00    0.00    0.00    0.00    0.00    0.00    0.00  100.00
Average:       3    0.00    0.00    0.00    0.00    0.00    0.00    0.00    0.00    0.00  100.00
Average:     CPU    %usr   %nice    %sys %iowait    %irq   %soft  %steal  %guest  %gnice   %idle
Average:     all    0.00    0.00    0.00    0.00    0.00    0.00    0.00    0.00    0.00  100.00
Average:       0    0.00    0.00    0.00    0.00    0.00    0.00    0.00    0.00    0.00  100.00
Average:       1    0.00    0.00    0.00    0.00    0.00    0.00    0.00    0.00    0.00  100.00
Average:       2    0.00    0.00    0.00    0.00    0.00    0.00    0.00    0.00    0.00  100.00
Average:       3    0.00    0.00    0.00    0.00    0.00    0.00    0.00    0.00    0.00  100.00
Average:     CPU    %usr   %nice    %sys %iowait    %irq   %soft  %steal  %guest  %gnice   %idle
Average:     all    0.00    0.00    0.00    0.00    0.00    0.00    0.00    0.00    0.00  100.00
Average:       0    0.00    0.00    0.00    0.00    0.00    0.00    0.00    0.00    0.00  100.00
Average:       1    0.00    0.00    0.00    0.00    0.00    0.00    0.00    0.00    0.00  100.00
Average:       2    0.00    0.00    0.00    0.00    0.00    0.00    0.00    0.00    0.00  100.00
Average:       3    0.00    0.00    0.00    0.00    0.00    0.00    0.00    0.00    0.00  100.00
Average:     CPU    %usr   %nice    %sys %iowait    %irq   %soft  %steal  %guest  %gnice   %idle
Average:     all    0.00    0.00    0.00    0.00    0.00    0.00    0.00    0.00    0.00  100.00
Average:       0    0.00    0.00    0.00    0.00    0.00    0.00    0.00    0.00    0.00  100.00
Average:       1    0.00    0.00    0.00    0.00    0.00    0.00    0.00    0.00    0.00  100.00
Average:       2    0.00    0.00    0.00    0.00    0.00    0.00    0.00    0.00    0.00  100.00
Average:       3    0.00    0.00    0.00    0.00    0.00    0.00    0.00    0.00    0.00  100.00
