Average:     CPU    %usr   %nice    %sys %iowait    %irq   %soft  %steal  %guest  %gnice   %idle
Average:     all   94.49    0.00    0.75    0.13    0.00    0.00    0.00    0.00    0.00    4.63
Average:       0   97.99    0.00    1.01    0.50    0.00    0.00    0.00    0.00    0.00    0.50
Average:       1   92.04    0.00    1.49    0.00    0.00    0.00    0.00    0.00    0.00    6.47
Average:       2   94.00    0.00    0.00    0.00    0.00    0.00    0.00    0.00    0.00    6.00
Average:       3   93.00    0.00    0.50    0.00    0.00    0.00    0.00    0.00    0.00    6.50
Average:     CPU    %usr   %nice    %sys %iowait    %irq   %soft  %steal  %guest  %gnice   %idle
Average:     all   99.62    0.00    0.38    0.00    0.00    0.00    0.00    0.00    0.00    0.00
Average:       0  100.00    0.00    0.00    0.00    0.00    0.00    0.00    0.00    0.00    0.00
Average:       1   99.00    0.00    1.00    0.00    0.00    0.00    0.00    0.00    0.00    0.00
Average:       2   99.50    0.00    0.50    0.00    0.00    0.00    0.00    0.00    0.00    0.00
Average:       3   99.50    0.00    0.50    0.00    0.00    0.00    0.00    0.00    0.00    0.00
Average:     CPU    %usr   %nice    %sys %iowait    %irq   %soft  %steal  %guest  %gnice   %idle
Average:     all   96.00    0.00    0.87    0.00    0.00    0.00    0.00    0.00    0.00    3.12
Average:       0   95.50    0.00    1.00    0.00    0.00    0.00    0.00    0.00    0.00    3.50
Average:       1   95.50    0.00    0.50    0.00    0.00    0.00    0.00    0.00    0.00    4.00
Average:       2   95.52    0.00    1.00    0.00    0.00    0.00    0.00    0.00    0.00    3.48
Average:       3   98.00    0.00    1.00    0.00    0.00    0.00    0.00    0.00    0.00    1.00
Average:     CPU    %usr   %nice    %sys %iowait    %irq   %soft  %steal  %guest  %gnice   %idle
Average:     all   94.13    0.00    0.37    0.00    0.00    0.00    0.00    0.00    0.00    5.49
Average:       0   96.02    0.00    1.00    0.00    0.00    0.00    0.00    0.00    0.00    2.99
Average:       1   95.00    0.00    0.00    0.00    0.00    0.00    0.00    0.00    0.00    5.00
Average:       2   93.47    0.00    0.50    0.00    0.00    0.00    0.00    0.00    0.00    6.03
Average:       3   92.04    0.00    0.50    0.00    0.00    0.00    0.00    0.00    0.00    7.46
Average:     CPU    %usr   %nice    %sys %iowait    %irq   %soft  %steal  %guest  %gnice   %idle
Average:     all   94.74    0.00    0.50    0.00    0.00    0.00    0.00    0.00    0.00    4.76
Average:       0   94.00    0.00    0.00    0.00    0.00    0.00    0.00    0.00    0.00    6.00
Average:       1   92.96    0.00    0.50    0.00    0.00    0.00    0.00    0.00    0.00    6.53
Average:       2   98.01    0.00    1.49    0.00    0.00    0.00    0.00    0.00    0.00    0.50
Average:       3   93.50    0.00    0.50    0.00    0.00    0.00    0.00    0.00    0.00    6.00
Average:     CPU    %usr   %nice    %sys %iowait    %irq   %soft  %steal  %guest  %gnice   %idle
Average:     all   93.49    0.00    0.63    0.00    0.00    0.00    0.00    0.00    0.00    5.88
Average:       0   95.00    0.00    1.50    0.00    0.00    0.00    0.00    0.00    0.00    3.50
Average:       1   91.00    0.00    0.50    0.00    0.00    0.00    0.00    0.00    0.00    8.50
Average:       2   93.47    0.00    0.00    0.00    0.00    0.00    0.00    0.00    0.00    6.53
Average:       3   95.00    0.00    0.50    0.00    0.00    0.00    0.00    0.00    0.00    4.50
