Average:     CPU    %usr   %nice    %sys %iowait    %irq   %soft  %steal  %guest  %gnice   %idle
Average:     all    9.06    0.00   61.01    2.14    0.00    0.13    0.00    0.00    0.00   27.67
Average:       0   14.80    0.00   62.24    7.65    0.00    0.00    0.00    0.00    0.00   15.31
Average:       1    8.04    0.00   59.80    0.00    0.00    0.00    0.00    0.00    0.00   32.16
Average:       2    4.04    0.00   61.62    0.51    0.00    0.00    0.00    0.00    0.00   33.84
Average:       3    9.05    0.00   61.31    0.00    0.00    0.00    0.00    0.00    0.00   29.65
Average:     CPU    %usr   %nice    %sys %iowait    %irq   %soft  %steal  %guest  %gnice   %idle
Average:     all   49.88    0.00    0.00    0.12    0.00    0.00    0.00    0.00    0.00   50.00
Average:       0   98.51    0.00    0.00    0.50    0.00    0.00    0.00    0.00    0.00    1.00
Average:       1  100.00    0.00    0.00    0.00    0.00    0.00    0.00    0.00    0.00    0.00
Average:       2    0.50    0.00    0.00    0.00    0.00    0.00    0.00    0.00    0.00   99.50
Average:       3    0.00    0.00    0.00    0.00    0.00    0.00    0.00    0.00    0.00  100.00
Average:     CPU    %usr   %nice    %sys %iowait    %irq   %soft  %steal  %guest  %gnice   %idle
Average:     all   26.19    0.00    5.51    0.00    0.00    0.00    0.00    0.00    0.00   68.30
Average:       0    0.51    0.00    0.00    0.00    0.00    0.00    0.00    0.00    0.00   99.49
Average:       1   77.89    0.00    3.52    0.00    0.00    0.00    0.00    0.00    0.00   18.59
Average:       2   26.50    0.00    1.00    0.00    0.00    0.00    0.00    0.00    0.00   72.50
Average:       3    0.00    0.00   16.92    0.00    0.00    0.00    0.00    0.00    0.00   83.08
Average:     CPU    %usr   %nice    %sys %iowait    %irq   %soft  %steal  %guest  %gnice   %idle
Average:     all   39.77    0.00    6.19    0.38    0.00    0.00    0.00    0.00    0.00   53.66
Average:       0   29.95    0.00    6.09    1.02    0.00    0.00    0.00    0.00    0.00   62.94
Average:       1   58.67    0.00    6.63    0.51    0.00    0.00    0.00    0.00    0.00   34.18
Average:       2   49.75    0.00    5.53    0.00    0.00    0.00    0.00    0.00    0.00   44.72
Average:       3   20.90    0.00    5.97    0.50    0.00    0.00    0.00    0.00    0.00   72.64
Average:     CPU    %usr   %nice    %sys %iowait    %irq   %soft  %steal  %guest  %gnice   %idle
Average:     all   88.66    0.00    7.43    0.00    0.00    0.00    0.00    0.00    0.00    3.90
Average:       0   88.83    0.00    8.12    0.00    0.00    0.00    0.00    0.00    0.00    3.05
Average:       1   81.41    0.00   11.56    0.00    0.00    0.00    0.00    0.00    0.00    7.04
Average:       2   91.96    0.00    5.03    0.00    0.00    0.00    0.00    0.00    0.00    3.02
Average:       3   92.50    0.00    5.00    0.00    0.00    0.00    0.00    0.00    0.00    2.50
Average:     CPU    %usr   %nice    %sys %iowait    %irq   %soft  %steal  %guest  %gnice   %idle
Average:     all   74.24    0.00   11.62    0.00    0.00    0.00    0.00    0.00    0.00   14.14
Average:       0   73.23    0.00   14.14    0.00    0.00    0.00    0.00    0.00    0.00   12.63
Average:       1   77.00    0.00   18.50    0.00    0.00    0.00    0.00    0.00    0.00    4.50
Average:       2   72.36    0.00    6.03    0.00    0.00    0.00    0.00    0.00    0.00   21.61
Average:       3   73.60    0.00    8.63    0.00    0.00    0.00    0.00    0.00    0.00   17.77
Average:     CPU    %usr   %nice    %sys %iowait    %irq   %soft  %steal  %guest  %gnice   %idle
Average:     all   13.66    0.00    1.50    0.00    0.00    0.00    0.00    0.00    0.00   84.84
Average:       0   16.00    0.00    1.00    0.00    0.00    0.00    0.00    0.00    0.00   83.00
Average:       1   19.70    0.00    4.55    0.00    0.00    0.00    0.00    0.00    0.00   75.76
Average:       2   18.59    0.00    0.50    0.00    0.00    0.00    0.00    0.00    0.00   80.90
Average:       3    0.00    0.00    0.00    0.00    0.00    0.00    0.00    0.00    0.00  100.00
