Average:     all   19.25    0.00    0.90   20.00    0.00    0.00    0.00    0.00   59.85
Average:     all   33.45    0.00    0.50    0.17    0.00    0.00    0.00    0.00   65.88
Average:     all   33.33    0.00    0.00    0.17    0.00    0.00    0.00    0.00   66.50
Average:     all   33.22    0.00    0.17    0.00    0.00    0.00    0.00    0.00   66.61
Average:     all   33.22    0.00    0.33    0.00    0.00    0.00    0.00    0.00   66.44
Average:     all   33.17    0.00    0.17    0.00    0.00    0.00    0.00    0.00   66.67
Average:     all   33.22    0.00    0.17    0.67    0.00    0.00    0.00    0.00   65.94
Average:     all   33.33    0.00    0.00    0.00    0.00    0.00    0.00    0.00   66.67
Average:     all   33.00    0.00    0.50    0.00    0.00    0.00    0.00    0.00   66.50
Average:     all   33.17    0.00    0.34    1.68    0.00    0.00    0.00    0.00   64.82
