Average:     all    2.16    0.00    5.40   40.08    0.00    0.00    0.00    0.00   52.36
Average:     all   32.05    0.00    1.34    0.00    0.00    0.00    0.00    0.00   66.61
Average:     all   32.83    0.00    0.50    0.00    0.00    0.00    0.00    0.00   66.67
Average:     all   32.39    0.00    1.00    0.00    0.00    0.00    0.00    0.00   66.61
Average:     all   32.67    0.00    0.67    0.00    0.00    0.00    0.00    0.00   66.67
Average:     all   32.45    0.00    1.16    0.00    0.00    0.00    0.00    0.00   66.39
Average:     all   32.61    0.00    0.83    0.00    0.00    0.00    0.00    0.00   66.56
Average:     all   32.72    0.00    0.67    0.00    0.00    0.00    0.00    0.00   66.61
Average:     all   32.55    0.00    0.83    0.00    0.00    0.00    0.00    0.00   66.61
Average:     all   32.95    0.00    0.50    0.33    0.00    0.00    0.00    0.00   66.22
Average:     all   32.72    0.00    0.67    0.00    0.00    0.00    0.00    0.00   66.61
Average:     all   32.83    0.00    0.50    0.00    0.00    0.00    0.00    0.00   66.67
Average:     all   33.56    0.00    0.67    0.00    0.00    0.00    0.00    0.00   65.78
Average:     all   32.67    0.00    0.67    0.83    0.00    0.00    0.00    0.00   65.83
Average:     all   32.67    0.00    0.83    0.00    0.00    0.00    0.00    0.00   66.50
Average:     all   32.89    0.00    0.50    0.00    0.00    0.00    0.00    0.00   66.61
Average:     all   32.72    0.00    0.67    0.00    0.00    0.00    0.00    0.00   66.61
Average:     all   33.00    0.00    0.33    0.00    0.00    0.00    0.00    0.00   66.67
Average:     all   32.83    0.00    0.67    0.00    0.00    0.00    0.00    0.00   66.50
Average:     all   32.67    0.00    0.83    0.00    0.00    0.00    0.00    0.00   66.50
Average:     all   33.06    0.00    0.50    0.00    0.00    0.00    0.00    0.00   66.44
Average:     all   33.22    0.00    0.67    0.00    0.00    0.00    0.00    0.00   66.11
Average:     all   32.67    0.00    0.67    0.00    0.00    0.00    0.00    0.00   66.67
Average:     all   32.72    0.00    0.50    0.00    0.00    0.00    0.00    0.00   66.78
Average:     all   32.89    0.00    0.66    0.00    0.00    0.00    0.00    0.00   66.45
Average:     all   33.44    0.00    0.67   12.71    0.00    0.00    0.00    0.00   53.18
Average:     all   44.65    0.00    3.14    0.18    0.00    0.00    0.00    0.00   52.03
Average:     all   96.55    0.00    0.00    0.00    0.00    0.00    0.00    0.00    3.45
Average:     all   81.19    0.00    0.92    0.00    0.00    0.00    0.00    0.00   17.89
Average:     all   83.76    0.00    0.46    0.00    0.00    0.00    0.00    0.00   15.78
Average:     all   94.87    0.00    0.98    0.00    0.00    0.00    0.00    0.00    4.16
Average:     all   99.25    0.00    0.75    0.00    0.00    0.00    0.00    0.00    0.00
Average:     all   99.75    0.00    0.25    0.00    0.00    0.00    0.00    0.00    0.00
Average:     all   99.75    0.00    0.25    0.00    0.00    0.00    0.00    0.00    0.00
Average:     all  100.00    0.00    0.00    0.00    0.00    0.00    0.00    0.00    0.00
Average:     all   99.25    0.00    0.75    0.00    0.00    0.00    0.00    0.00    0.00
Average:     all  100.00    0.00    0.00    0.00    0.00    0.00    0.00    0.00    0.00
Average:     all  100.00    0.00    0.00    0.00    0.00    0.00    0.00    0.00    0.00
Average:     all  100.00    0.00    0.00    0.00    0.00    0.00    0.00    0.00    0.00
Average:     all  100.00    0.00    0.00    0.00    0.00    0.00    0.00    0.00    0.00
Average:     all   99.75    0.00    0.25    0.00    0.00    0.00    0.00    0.00    0.00
Average:     all  100.00    0.00    0.00    0.00    0.00    0.00    0.00    0.00    0.00
Average:     all  100.00    0.00    0.00    0.00    0.00    0.00    0.00    0.00    0.00
Average:     all   99.50    0.00    0.25    0.00    0.00    0.25    0.00    0.00    0.00
Average:     all  100.00    0.00    0.00    0.00    0.00    0.00    0.00    0.00    0.00
Average:     all   31.67    0.00    1.67    0.00    0.00    0.00    0.00    0.00   66.67
Average:     all   28.12    0.00    4.99    6.99    0.00    0.00    0.00    0.00   59.90
Average:     all   20.58    0.00    8.20    8.36    0.00    0.00    0.00    0.00   62.86
Average:     all   16.80    0.00    7.93   38.57    0.00    0.00    0.00    0.00   36.70
