Average:       1    0.00    0.00    0.00    1.00    0.00    0.00    0.00    0.00   99.00
Average:       1    0.00    0.00    0.76    0.25    0.00    0.00    0.00    0.00   98.99
Average:       1  100.00    0.00    0.00    0.00    0.00    0.00    0.00    0.00    0.00
Average:       1   99.50    0.00    0.50    0.00    0.00    0.00    0.00    0.00    0.00
Average:       1   99.50    0.00    0.50    0.00    0.00    0.00    0.00    0.00    0.00
Average:       1   99.00    0.00    1.00    0.00    0.00    0.00    0.00    0.00    0.00
Average:       1   99.50    0.00    0.50    0.00    0.00    0.00    0.00    0.00    0.00
Average:       1   99.50    0.00    0.50    0.00    0.00    0.00    0.00    0.00    0.00
Average:       1   99.00    0.00    1.00    0.00    0.00    0.00    0.00    0.00    0.00
Average:       1   99.50    0.00    0.50    0.00    0.00    0.00    0.00    0.00    0.00
