Average:       1    0.00    0.00    0.75    2.76    0.00    0.00    0.00    0.00   96.48
Average:       1    0.00    0.00    0.00    0.25    0.00    0.00    0.00    0.00   99.75
Average:       1    0.00    0.00    0.25    0.00    0.00    0.00    0.00    0.00   99.75
Average:       1    0.00    0.00    0.25    0.00    0.00    0.00    0.00    0.00   99.75
Average:       1    0.00    0.00    0.25    0.00    0.00    0.00    0.00    0.00   99.75
Average:       1    0.00    0.00    0.25    2.26    0.00    0.00    0.00    0.00   97.49
Average:       1    0.25    0.00    0.00    0.25    0.00    0.00    0.00    0.00   99.50
Average:       1    0.25    0.00    0.00    0.00    0.00    0.00    0.00    0.00   99.75
Average:       1    0.00    0.00    0.25    0.00    0.00    0.00    0.00    0.00   99.75
Average:       1    0.51    0.00    0.00    0.00    0.00    0.00    0.00    0.00   99.49
Average:       1    0.00    0.00    0.25    0.00    0.00    0.00    0.00    0.00   99.75
Average:       1    0.25    0.00    0.00    0.00    0.00    0.00    0.00    0.00   99.75
Average:       1    0.00    0.00    0.25    0.00    0.00    0.00    0.00    0.00   99.75
Average:       1    0.00    0.00    0.25    0.00    0.00    0.00    0.00    0.00   99.75
Average:       1    0.00    0.00    3.91    5.99    0.00    0.00    0.00    0.00   90.10
