Average:       1    3.41    0.00    9.94    7.39    0.00    0.00    0.00    0.00   79.26
Average:       1    0.00    0.00    0.00    0.00    0.00    0.00    0.00    0.00  100.00
Average:       1    0.00    0.00    0.00    0.00    0.00    0.00    0.00    0.00  100.00
Average:       1    0.00    0.00    0.00    0.00    0.00    0.00    0.00    0.00  100.00
Average:       1    0.00    0.00    0.00    0.00    0.00    0.00    0.00    0.00  100.00
Average:       1    0.25    0.00    0.00    0.00    0.00    0.00    0.00    0.00   99.75
Average:       1    0.00    0.00    0.25    0.00    0.00    0.00    0.00    0.00   99.75
Average:       1    0.00    0.00    0.00    0.00    0.00    0.00    0.00    0.00  100.00
Average:       1    0.00    0.00    0.00    0.00    0.00    0.00    0.00    0.00  100.00
Average:       1    0.00    0.00    0.00    0.50    0.00    0.00    0.00    0.00   99.50
Average:       1    0.00    0.00    0.00    0.00    0.00    0.00    0.25    0.00   99.75
Average:       1    0.00    0.00    0.00    0.00    0.00    0.00    0.00    0.00  100.00
Average:       1    0.76    0.00    0.00    0.00    0.00    0.00    0.00    0.00   99.24
Average:       1    0.00    0.00    0.00    1.25    0.00    0.00    0.00    0.00   98.75
Average:       1    0.00    0.00    0.00    0.00    0.00    0.00    0.00    0.00  100.00
Average:       1    0.00    0.00    0.00    0.00    0.00    0.00    0.00    0.00  100.00
Average:       1    0.00    0.00    0.00    0.00    0.00    0.00    0.00    0.00  100.00
Average:       1    0.00    0.00    0.00    0.00    0.00    0.00    0.00    0.00  100.00
Average:       1    0.00    0.00    0.00    0.00    0.00    0.00    0.00    0.00  100.00
Average:       1    0.00    0.00    0.00    0.00    0.00    0.00    0.00    0.00  100.00
Average:       1    0.25    0.00    0.00    0.00    0.00    0.00    0.00    0.00   99.75
Average:       1    0.51    0.00    0.00    0.00    0.00    0.00    0.00    0.00   99.49
Average:       1    0.00    0.00    0.00    0.00    0.00    0.00    0.00    0.00  100.00
Average:       1    0.00    0.00    0.00    0.00    0.00    0.00    0.00    0.00  100.00
Average:       1    0.00    0.00    0.00    0.00    0.00    0.00    0.00    0.00  100.00
Average:       1    0.25    0.00    0.50   19.14    0.00    0.00    0.00    0.00   80.10
Average:       1   18.99    0.00    0.59    0.00    0.00    0.00    0.00    0.00   80.42
Average:       1   95.12    0.00    0.49    0.00    0.00    0.00    0.00    0.00    4.39
Average:       1   80.82    0.00    1.37    0.00    0.00    0.00    0.00    0.00   17.81
Average:       1   83.33    0.00    0.00    0.00    0.00    0.00    0.00    0.00   16.67
Average:       1   95.10    0.00    0.98    0.00    0.00    0.00    0.00    0.00    3.92
Average:       1   99.00    0.00    1.00    0.00    0.00    0.00    0.00    0.00    0.00
Average:       1   99.00    0.00    1.00    0.00    0.00    0.00    0.00    0.00    0.00
Average:       1  100.00    0.00    0.00    0.00    0.00    0.00    0.00    0.00    0.00
Average:       1  100.00    0.00    0.00    0.00    0.00    0.00    0.00    0.00    0.00
Average:       1   99.00    0.00    1.00    0.00    0.00    0.00    0.00    0.00    0.00
Average:       1  100.00    0.00    0.00    0.00    0.00    0.00    0.00    0.00    0.00
Average:       1  100.00    0.00    0.00    0.00    0.00    0.00    0.00    0.00    0.00
Average:       1  100.00    0.00    0.00    0.00    0.00    0.00    0.00    0.00    0.00
Average:       1   99.50    0.00    0.50    0.00    0.00    0.00    0.00    0.00    0.00
Average:       1  100.00    0.00    0.00    0.00    0.00    0.00    0.00    0.00    0.00
Average:       1  100.00    0.00    0.00    0.00    0.00    0.00    0.00    0.00    0.00
Average:       1  100.00    0.00    0.00    0.00    0.00    0.00    0.00    0.00    0.00
Average:       1   99.50    0.00    0.50    0.00    0.00    0.00    0.00    0.00    0.00
Average:       1   99.50    0.00    0.50    0.00    0.00    0.00    0.00    0.00    0.00
Average:       1   95.00    0.00    5.00    0.00    0.00    0.00    0.00    0.00    0.00
Average:       1    0.00    0.00    0.00   10.03    0.00    0.00    0.00    0.00   89.97
Average:       1    0.00    0.00    0.25    7.27    0.00    0.00    0.00    0.00   92.48
Average:       1    0.00    0.00    0.75   40.10    0.00    0.00    0.00    0.00   59.15
