Average:       1    0.00    0.00    0.25    4.01    0.00    0.00    0.00    0.00   95.74
Average:       1    0.00    0.00    0.00    0.00    0.00    0.00    0.00    0.00  100.00
Average:       1    0.00    0.00    0.00    0.00    0.00    0.00    0.00    0.00  100.00
Average:       1    0.25    0.00    0.00    0.00    0.00    0.00    0.00    0.00   99.75
Average:       1    0.00    0.00    0.00    0.00    0.00    0.00    0.00    0.00  100.00
Average:       1    0.00    0.00    0.00    0.25    0.00    0.00    0.00    0.00   99.75
Average:       1    0.25    0.00    0.25    4.26    0.00    0.00    0.00    0.00   95.24
Average:       1    0.25    0.00    0.00    0.00    0.00    0.00    0.00    0.00   99.75
Average:       1    0.25    0.00    0.00    0.00    0.00    0.00    0.00    0.00   99.75
Average:       1    0.00    0.00    0.00    0.00    0.00    0.00    0.00    0.00  100.00
Average:       1    0.00    0.00    0.25    0.00    0.00    0.00    0.00    0.00   99.75
Average:       1    0.00    0.00    0.00    0.00    0.00    0.00    0.00    0.00  100.00
Average:       1    0.00    0.00    0.00    0.00    0.00    0.00    0.00    0.00  100.00
Average:       1    0.25    0.00    0.00    0.00    0.00    0.00    0.00    0.00   99.75
Average:       1    0.00    0.00    0.00    0.25    0.00    0.00    0.00    0.00   99.75
Average:       1    0.00    0.00    0.00    0.00    0.00    0.00    0.00    0.00  100.00
