Average:       2    0.00    0.00    1.00    1.50    0.00    0.00    0.00    0.00   97.50
Average:       3    0.00    0.00    0.50    0.00    0.00    0.00    0.00    0.00   99.50
Average:       4    0.50    0.00    0.00    0.00    0.00    0.00    0.00    0.00   99.50
Average:       5    0.00    0.00    0.00    0.00    0.00    0.00    0.00    0.00  100.00
Average:       6    0.00    0.00    0.00    0.00    0.00    0.00    0.00    0.00  100.00
Average:       7    0.00    0.00    0.00    0.00    0.00    0.00    0.00    0.00  100.00
Average:       2    6.00    0.00   94.00    0.00    0.00    0.00    0.00    0.00    0.00
Average:       3    5.03    0.00   94.97    0.00    0.00    0.00    0.00    0.00    0.00
Average:       4    8.46    0.00   91.54    0.00    0.00    0.00    0.00    0.00    0.00
Average:       5    0.50    0.00    2.01    0.50    0.00    0.00    0.50    0.00   96.48
Average:       6    0.00    0.00    2.55    3.06    0.00    0.00    0.00    0.00   94.39
Average:       7    0.00    0.00    2.03    0.00    0.00    0.00    0.00    0.00   97.97
Average:       2    0.00    0.00    0.00    0.00    0.00    0.00    0.00    0.00  100.00
Average:       3  100.00    0.00    0.00    0.00    0.00    0.00    0.00    0.00    0.00
Average:       4   27.42    0.00    4.30    0.00    0.00    0.00    1.08    0.00   67.20
Average:       5    0.00    0.00    0.00    0.00    0.00    0.00    0.00    0.00  100.00
Average:       6    0.00    0.00    1.00    0.00    0.00    0.00    0.00    0.00   99.00
Average:       7    0.00    0.00    0.00    0.00    0.00    0.00    0.00    0.00  100.00
Average:       2   99.50    0.00    0.50    0.00    0.00    0.00    0.00    0.00    0.00
Average:       3   96.02    0.00    1.00    0.00    0.00    0.00    0.00    0.00    2.99
Average:       4    0.00    0.00    0.00    0.00    0.00    0.00    0.00    0.00  100.00
Average:       5    0.00    0.00    0.00    0.00    0.00    0.00    0.00    0.00  100.00
Average:       6    0.00    0.00    0.00    0.00    0.00    0.00    0.00    0.00  100.00
Average:       7    0.00    0.00    0.00    0.00    0.00    0.00    0.00    0.00  100.00
Average:       2   99.50    0.00    0.50    0.00    0.00    0.00    0.00    0.00    0.00
Average:       3   93.47    0.00    1.51    0.00    0.00    0.00    0.00    0.00    5.03
Average:       4    0.00    0.00    0.00    0.00    0.00    0.00    0.00    0.00  100.00
Average:       5    0.50    0.00    0.00    0.00    0.00    0.00    0.00    0.00   99.50
Average:       6    0.00    0.00    0.00    0.00    0.00    0.00    0.00    0.00  100.00
Average:       7    0.00    0.00    0.00    0.00    0.00    0.00    0.00    0.00  100.00
Average:       2   98.99    0.00    1.01    0.00    0.00    0.00    0.00    0.00    0.00
Average:       3   99.00    0.00    1.00    0.00    0.00    0.00    0.00    0.00    0.00
Average:       4    0.00    0.00    0.00    0.00    0.00    0.00    0.00    0.00  100.00
Average:       5    0.50    0.00    0.00    0.00    0.00    0.00    0.00    0.00   99.50
Average:       6    0.00    0.00    0.00    0.00    0.00    0.00    0.00    0.00  100.00
Average:       7    0.00    0.00    0.00    0.00    0.00    0.00    0.00    0.00  100.00
Average:       2    0.00    0.00    0.00    0.00    0.00    0.00    0.00    0.00  100.00
Average:       3   97.50    0.00    0.50    0.00    0.00    0.00    0.00    0.00    2.00
Average:       4    0.00    0.00    1.00    4.50    0.00    0.00    0.00    0.00   94.50
Average:       5    0.00    0.00    0.00    0.00    0.00    0.00    0.00    0.00  100.00
Average:       6    0.00    0.00    0.00    0.00    0.00    0.00    0.00    0.00  100.00
Average:       7    0.00    0.00    0.00    0.00    0.00    0.00    0.00    0.00  100.00
Average:       2    0.00    0.00    0.00    0.00    0.00    0.00    0.00    0.00  100.00
Average:       3   49.25    0.00    0.50    0.00    0.00    0.00    0.00    0.00   50.25
Average:       4    0.00    0.00    3.54    2.02    0.00    0.00    0.00    0.00   94.44
Average:       5    0.00    0.00    0.00    0.00    0.00    0.00    0.00    0.00  100.00
Average:       6    0.00    0.00    0.00    0.00    0.00    0.00    0.00    0.00  100.00
Average:       7    0.00    0.00    0.00    0.00    0.00    0.00    0.00    0.00  100.00
Average:       2    0.00    0.00    0.00    0.00    0.00    0.00    0.00    0.00  100.00
Average:       3    0.00    0.00    0.00    0.00    0.00    0.00    0.00    0.00  100.00
Average:       4    0.00    0.00    0.00    0.00    0.00    0.00    0.00    0.00  100.00
Average:       5    0.00    0.00    0.00    0.00    0.00    0.00    0.00    0.00  100.00
Average:       6    0.00    0.00   10.29   29.90    0.00    0.00    0.49    0.00   59.31
Average:       7    0.00    0.00    0.00    0.00    0.00    0.00    0.00    0.00  100.00
Average:       2    0.00    0.00    0.50    0.00    0.00    0.00    0.00    0.00   99.50
Average:       3   20.10    0.00    0.00    0.00    0.00    0.00    0.00    0.00   79.90
Average:       4   19.31    0.00    0.50    0.00    0.00    0.00    0.50    0.00   79.70
Average:       5    0.00    0.00    0.00    0.00    0.00    0.00    0.00    0.00  100.00
Average:       6    0.00    0.00    0.50    0.00    0.00    0.00    0.00    0.00   99.50
Average:       7    0.00    0.00    0.50    0.00    0.00    0.00    0.00    0.00   99.50
Average:       2    0.00    0.00    0.00    0.00    0.00    0.00    0.00    0.00  100.00
Average:       3   94.00    0.00    1.00    0.00    0.00    0.00    0.00    0.00    5.00
Average:       4   93.97    0.00    6.03    0.00    0.00    0.00    0.00    0.00    0.00
Average:       5    0.00    0.00    0.00    0.00    0.00    0.00    0.00    0.00  100.00
Average:       6    0.00    0.00    0.00    0.00    0.00    0.00    0.00    0.00  100.00
Average:       7    0.00    0.00    0.00    0.00    0.00    0.00    0.00    0.00  100.00
Average:       2    0.00    0.00    0.00    0.00    0.00    0.00    0.00    0.00  100.00
Average:       3   96.52    0.00    2.99    0.00    0.00    0.00    0.00    0.00    0.50
Average:       4   96.50    0.00    3.50    0.00    0.00    0.00    0.00    0.00    0.00
Average:       5    0.00    0.00    0.00    0.00    0.00    0.00    0.00    0.00  100.00
Average:       6    0.00    0.00    0.00    0.00    0.00    0.00    0.00    0.00  100.00
Average:       7    0.00    0.00    0.00    0.00    0.00    0.00    0.00    0.00  100.00
Average:       2    0.00    0.00    0.00    0.00    0.00    0.00    0.00    0.00  100.00
Average:       3   98.00    0.00    2.00    0.00    0.00    0.00    0.00    0.00    0.00
Average:       4   96.50    0.00    3.50    0.00    0.00    0.00    0.00    0.00    0.00
Average:       5    0.00    0.00    0.00    0.00    0.00    0.00    0.00    0.00  100.00
Average:       6    0.00    0.00    0.00    0.00    0.00    0.00    0.00    0.00  100.00
Average:       7    0.00    0.00    0.00    0.00    0.00    0.00    0.00    0.00  100.00
Average:       2    0.00    0.00    0.00    0.00    0.00    0.00    0.00    0.00  100.00
Average:       3   97.51    0.00    2.49    0.00    0.00    0.00    0.00    0.00    0.00
Average:       4   97.50    0.00    2.50    0.00    0.00    0.00    0.00    0.00    0.00
Average:       5    0.00    0.00    0.00    0.00    0.00    0.00    0.00    0.00  100.00
Average:       6    0.00    0.00    0.00    0.00    0.00    0.00    0.50    0.00   99.50
Average:       7    0.00    0.00    0.00    0.00    0.00    0.00    0.00    0.00  100.00
Average:       2    0.00    0.00    0.00    0.00    0.00    0.00    0.00    0.00  100.00
Average:       3   98.50    0.00    1.50    0.00    0.00    0.00    0.00    0.00    0.00
Average:       4   98.99    0.00    1.01    0.00    0.00    0.00    0.00    0.00    0.00
Average:       5    0.00    0.00    0.00    0.00    0.00    0.00    0.00    0.00  100.00
Average:       6    0.00    0.00    0.00    0.00    0.00    0.00    0.00    0.00  100.00
Average:       7    0.00    0.00    0.00    0.00    0.00    0.00    0.00    0.00  100.00
Average:       2    0.00    0.00    0.00    0.00    0.00    0.00    0.00    0.00  100.00
Average:       3   99.49    0.00    0.51    0.00    0.00    0.00    0.00    0.00    0.00
Average:       4   97.99    0.00    2.01    0.00    0.00    0.00    0.00    0.00    0.00
Average:       5    0.00    0.00    0.00    0.00    0.00    0.00    0.00    0.00  100.00
Average:       6    0.00    0.00    0.00    0.00    0.00    0.00    0.00    0.00  100.00
Average:       7    0.00    0.00    0.00    0.00    0.00    0.00    0.00    0.00  100.00
Average:       2    0.51    0.00    0.51    0.00    0.00    0.00    0.00    0.00   98.99
Average:       3   96.52    0.00    2.99    0.00    0.00    0.00    0.50    0.00    0.00
Average:       4   96.46    0.00    3.54    0.00    0.00    0.00    0.00    0.00    0.00
Average:       5    0.00    0.00    1.50    0.00    0.00    0.00    0.00    0.00   98.50
Average:       6    0.50    0.00    2.01    0.00    0.00    0.00    0.00    0.00   97.49
Average:       7    0.00    0.00    1.50    0.00    0.00    0.00    0.00    0.00   98.50
Average:       2    0.00    0.00    0.00    0.00    0.00    0.00    0.00    0.00  100.00
Average:       3   99.00    0.00    1.00    0.00    0.00    0.00    0.00    0.00    0.00
Average:       4   97.49    0.00    2.51    0.00    0.00    0.00    0.00    0.00    0.00
Average:       5    0.00    0.00    0.00    0.00    0.00    0.00    0.00    0.00  100.00
Average:       6    0.00    0.00    0.50    0.00    0.00    0.00    0.00    0.00   99.50
Average:       7    0.00    0.00    0.00    0.00    0.00    0.00    0.00    0.00  100.00
Average:       2    0.00    0.00    0.00    0.00    0.00    0.00    0.00    0.00  100.00
Average:       3  100.00    0.00    0.00    0.00    0.00    0.00    0.00    0.00    0.00
Average:       4    0.00    0.00    0.00    0.00    0.00    0.00    0.00    0.00  100.00
Average:       5    0.00    0.00    0.00    0.00    0.00    0.00    0.00    0.00  100.00
Average:       6    0.00    0.00    0.00    0.00    0.00    0.00    0.00    0.00  100.00
Average:       7    0.00    0.00    0.00    0.00    0.00    0.00    0.00    0.00  100.00
Average:       2    0.00    0.00    0.00    0.00    0.00    0.00    0.00    0.00  100.00
Average:       3   96.98    0.00    3.02    0.00    0.00    0.00    0.00    0.00    0.00
Average:       4   96.52    0.00    2.49    0.00    0.00    0.00    0.00    0.00    1.00
Average:       5    0.00    0.00    0.00    0.00    0.00    0.00    0.00    0.00  100.00
Average:       6    0.00    0.00    0.00    0.00    0.00    0.00    0.00    0.00  100.00
Average:       7    0.00    0.00    0.00    0.00    0.00    0.00    0.00    0.00  100.00
Average:       2    0.00    0.00    0.00    0.00    0.00    0.00    0.00    0.00  100.00
Average:       3    0.00    0.00    0.00    0.00    0.00    0.00    0.00    0.00  100.00
Average:       4    0.00    0.00    0.00    0.00    0.00    0.00    0.00    0.00  100.00
Average:       5    0.00    0.00    0.00    0.00    0.00    0.00    0.00    0.00  100.00
Average:       6    0.00    0.00    0.00    0.00    0.00    0.00    0.00    0.00  100.00
Average:       7    0.00    0.00    0.00    0.00    0.00    0.00    0.00    0.00  100.00
Average:       2    0.00    0.00    0.00    0.00    0.00    0.00    0.00    0.00  100.00
Average:       3    0.00    0.00    0.00    0.00    0.00    0.00    0.00    0.00  100.00
Average:       4    0.00    0.00    0.00    0.00    0.00    0.00    0.00    0.00  100.00
Average:       5    0.00    0.00    0.00    0.00    0.00    0.00    0.00    0.00  100.00
Average:       6    0.00    0.00    0.00    0.00    0.00    0.00    0.00    0.00  100.00
Average:       7    0.00    0.00    0.00    0.00    0.00    0.00    0.00    0.00  100.00
Average:       2    0.00    0.00    0.00    0.00    0.00    0.00    0.00    0.00  100.00
Average:       3    0.00    0.00    0.00    0.00    0.00    0.00    0.00    0.00  100.00
Average:       4    0.00    0.00    0.00    0.00    0.00    0.00    0.00    0.00  100.00
Average:       5    0.00    0.00    0.00    0.00    0.00    0.00    0.00    0.00  100.00
Average:       6    0.00    0.00    0.00    0.00    0.00    0.00    0.00    0.00  100.00
Average:       7    0.00    0.00    0.50    0.00    0.00    0.00    0.00    0.00   99.50
Average:       2    0.00    0.00    0.00    0.00    0.00    0.00    0.00    0.00  100.00
Average:       3    0.00    0.00    0.00    0.00    0.00    0.00    0.00    0.00  100.00
Average:       4    0.00    0.00    0.00    0.00    0.00    0.00    0.00    0.00  100.00
Average:       5    0.00    0.00    0.00    0.00    0.00    0.00    0.00    0.00  100.00
Average:       6    0.00    0.00    0.00    0.00    0.00    0.00    0.00    0.00  100.00
Average:       7    0.00    0.00    0.00    0.00    0.00    0.00    0.00    0.00  100.00
Average:       2    0.00    0.00    0.00    0.00    0.00    0.00    0.00    0.00  100.00
Average:       3    0.00    0.00    0.00    0.00    0.00    0.00    0.00    0.00  100.00
Average:       4    0.00    0.00    0.00    0.00    0.00    0.00    0.00    0.00  100.00
Average:       5    0.00    0.00    0.00    0.00    0.00    0.00    0.00    0.00  100.00
Average:       6    0.00    0.00    0.00    0.00    0.00    0.00    0.00    0.00  100.00
Average:       7    0.00    0.00    0.00    0.00    0.00    0.00    0.00    0.00  100.00
Average:       2    0.00    0.00    0.00    0.00    0.00    0.00    0.00    0.00  100.00
Average:       3    0.00    0.00    0.00    0.00    0.00    0.00    0.00    0.00  100.00
Average:       4    0.00    0.00    0.00    0.00    0.00    0.00    0.00    0.00  100.00
Average:       5    0.50    0.00    0.00    0.00    0.00    0.00    0.00    0.00   99.50
Average:       6    0.00    0.00    0.00    0.00    0.00    0.00    0.00    0.00  100.00
Average:       7    0.00    0.00    0.00    0.00    0.00    0.00    0.00    0.00  100.00
Average:       2    0.00    0.00    0.00    0.00    0.00    0.00    0.00    0.00  100.00
Average:       3    0.00    0.00    0.00    0.00    0.00    0.00    0.00    0.00  100.00
Average:       4    0.00    0.00    0.00    0.00    0.00    0.00    0.00    0.00  100.00
Average:       5    0.00    0.00    0.00    0.00    0.00    0.00    0.00    0.00  100.00
Average:       6    0.00    0.00    0.00    0.00    0.00    0.00    0.00    0.00  100.00
Average:       7    0.00    0.00    0.00    0.00    0.00    0.00    0.00    0.00  100.00
Average:       2    0.00    0.00    0.00    0.00    0.00    0.00    0.00    0.00  100.00
Average:       3    0.00    0.00    0.00    0.00    0.00    0.00    0.00    0.00  100.00
Average:       4    0.00    0.00    0.00    0.00    0.00    0.00    0.00    0.00  100.00
Average:       5    0.00    0.00    0.00    0.00    0.00    0.00    0.00    0.00  100.00
Average:       6    0.00    0.00    0.00    0.00    0.00    0.00    0.00    0.00  100.00
Average:       7    0.00    0.00    0.00    0.00    0.00    0.00    0.00    0.00  100.00
Average:       2    0.00    0.00    0.00    0.00    0.00    0.00    0.00    0.00  100.00
Average:       3    0.00    0.00    0.00    0.00    0.00    0.00    0.00    0.00  100.00
Average:       4    0.00    0.00    0.00    0.00    0.00    0.00    0.00    0.00  100.00
Average:       5    0.00    0.00    0.00    0.00    0.00    0.00    0.00    0.00  100.00
Average:       6    0.00    0.00    0.00    0.00    0.00    0.00    0.00    0.00  100.00
Average:       7    0.00    0.00    0.00    0.00    0.00    0.00    0.00    0.00  100.00
Average:       2    0.00    0.00    0.00    0.00    0.00    0.00    0.00    0.00  100.00
Average:       3    0.00    0.00    0.00    0.00    0.00    0.00    0.00    0.00  100.00
Average:       4    0.00    0.00    0.00    0.00    0.00    0.00    0.00    0.00  100.00
Average:       5    0.00    0.00    0.00    0.00    0.00    0.00    0.00    0.00  100.00
Average:       6    0.00    0.00    0.00    0.00    0.00    0.00    0.00    0.00  100.00
Average:       7    0.00    0.00    0.00    0.00    0.00    0.00    0.00    0.00  100.00
Average:       2    0.00    0.00    0.00    0.00    0.00    0.00    0.00    0.00  100.00
Average:       3    0.00    0.00    0.00    0.00    0.00    0.00    0.00    0.00  100.00
Average:       4    0.00    0.00    0.00    0.00    0.00    0.00    0.00    0.00  100.00
Average:       5    0.00    0.00    0.00    0.00    0.00    0.00    0.00    0.00  100.00
Average:       6    0.00    0.00    0.00    0.00    0.00    0.00    0.00    0.00  100.00
Average:       7    0.00    0.00    0.00    0.00    0.00    0.00    0.00    0.00  100.00
Average:       2    0.50    0.00    0.50    0.00    0.00    0.00    0.00    0.00   98.99
Average:       3    0.50    0.00    1.50    0.00    0.00    0.00    0.00    0.00   98.00
Average:       4    0.50    0.00    0.50    0.00    0.00    0.00    0.00    0.00   99.00
Average:       5    0.00    0.00    2.01    0.00    0.00    0.00    0.00    0.00   97.99
Average:       6    0.00    0.00    0.50    0.00    0.00    0.00    0.00    0.00   99.50
Average:       7    0.00    0.00    0.50    0.00    0.00    0.00    0.00    0.00   99.50
Average:       2    0.00    0.00    0.50    0.00    0.00    0.00    0.00    0.00   99.50
Average:       3    0.00    0.00    0.00    0.00    0.00    0.00    0.00    0.00  100.00
Average:       4    0.00    0.00    0.00    0.00    0.00    0.00    0.00    0.00  100.00
Average:       5    0.00    0.00    0.00    0.00    0.00    0.00    0.00    0.00  100.00
Average:       6    0.00    0.00    0.00    0.00    0.00    0.00    0.00    0.00  100.00
Average:       7    0.00    0.00    0.00    0.00    0.00    0.00    0.00    0.00  100.00
Average:       2    0.00    0.00    0.00    0.00    0.00    0.00    0.00    0.00  100.00
Average:       3    0.00    0.00    0.00    0.00    0.00    0.00    0.00    0.00  100.00
Average:       4    0.00    0.00    0.00    0.00    0.00    0.00    0.00    0.00  100.00
Average:       5    0.00    0.00    0.00    0.00    0.00    0.00    0.00    0.00  100.00
Average:       6    0.00    0.00    0.00    0.00    0.00    0.00    0.00    0.00  100.00
Average:       7    0.00    0.00    0.00    0.00    0.00    0.00    0.00    0.00  100.00
Average:       2    0.00    0.00    0.00    0.00    0.00    0.00    0.00    0.00  100.00
Average:       3    0.00    0.00    0.00    0.00    0.00    0.00    0.00    0.00  100.00
Average:       4    0.00    0.00    0.00    0.00    0.00    0.00    0.00    0.00  100.00
Average:       5    0.00    0.00    0.00    0.00    0.00    0.00    0.00    0.00  100.00
Average:       6    0.00    0.00    0.00    0.00    0.00    0.00    0.00    0.00  100.00
Average:       7    0.00    0.00    0.00    0.00    0.00    0.00    0.00    0.00  100.00
Average:       2    0.00    0.00    0.00    0.00    0.00    0.00    0.00    0.00  100.00
Average:       3    0.00    0.00    0.00    0.00    0.00    0.00    0.00    0.00  100.00
Average:       4    0.00    0.00    0.00    0.00    0.00    0.00    0.00    0.00  100.00
Average:       5    0.00    0.00    0.00    0.00    0.00    0.00    0.00    0.00  100.00
Average:       6    0.00    0.00    0.00    0.00    0.00    0.00    0.00    0.00  100.00
Average:       7    0.00    0.00    0.00    0.00    0.00    0.00    0.00    0.00  100.00
Average:       2    0.00    0.00    0.00    0.00    0.00    0.00    0.00    0.00  100.00
Average:       3    0.00    0.00    0.00    0.00    0.00    0.00    0.00    0.00  100.00
Average:       4    0.00    0.00    0.00    0.00    0.00    0.00    0.00    0.00  100.00
Average:       5    0.00    0.00    0.00    0.00    0.00    0.00    0.00    0.00  100.00
Average:       6    0.00    0.00    0.00    0.00    0.00    0.00    0.00    0.00  100.00
Average:       7    0.00    0.00    0.00    0.00    0.00    0.00    0.00    0.00  100.00
Average:       2    0.00    0.00    0.00    0.00    0.00    0.00    0.00    0.00  100.00
Average:       3    0.00    0.00    0.00    0.00    0.00    0.00    0.00    0.00  100.00
Average:       4    0.00    0.00    0.00    0.00    0.00    0.00    0.00    0.00  100.00
Average:       5    0.00    0.00    0.00    0.00    0.00    0.00    0.00    0.00  100.00
Average:       6    0.00    0.00    0.00    0.00    0.00    0.00    0.00    0.00  100.00
Average:       7    0.00    0.00    0.00    0.00    0.00    0.00    0.00    0.00  100.00
Average:       2    0.00    0.00    0.00    0.00    0.00    0.00    0.00    0.00  100.00
Average:       3    0.00    0.00    0.00    0.00    0.00    0.00    0.00    0.00  100.00
Average:       4    0.00    0.00    0.00    0.00    0.00    0.00    0.00    0.00  100.00
Average:       5    0.50    0.00    0.00    0.00    0.00    0.00    0.00    0.00   99.50
Average:       6    0.00    0.00    0.00    0.00    0.00    0.00    0.00    0.00  100.00
Average:       7    0.00    0.00    0.00    0.00    0.00    0.00    0.00    0.00  100.00
Average:       2    0.00    0.00    0.00    0.00    0.00    0.00    0.00    0.00  100.00
Average:       3    0.00    0.00    0.00    0.00    0.00    0.00    0.00    0.00  100.00
Average:       4    0.00    0.00    0.00    0.00    0.00    0.00    0.00    0.00  100.00
Average:       5    0.00    0.00    0.00    0.00    0.00    0.00    0.00    0.00  100.00
Average:       6    0.00    0.00    0.00    0.00    0.00    0.00    0.00    0.00  100.00
Average:       7    0.00    0.00    0.00    0.00    0.00    0.00    0.00    0.00  100.00
Average:       2    0.00    0.00    0.00    0.00    0.00    0.00    0.00    0.00  100.00
Average:       3    0.00    0.00    0.00    0.00    0.00    0.00    0.00    0.00  100.00
Average:       4    0.00    0.00    0.00    0.00    0.00    0.00    0.00    0.00  100.00
Average:       5    0.00    0.00    0.50    0.00    0.00    0.00    0.00    0.00   99.50
Average:       6    0.50    0.00    0.00    0.00    0.00    0.00    0.00    0.00   99.50
Average:       7    0.00    0.00    0.00    0.00    0.00    0.00    0.00    0.00  100.00
Average:       2    0.00    0.00    0.00    0.00    0.00    0.00    0.00    0.00  100.00
Average:       3    0.00    0.00    0.00    0.00    0.00    0.00    0.00    0.00  100.00
Average:       4    0.00    0.00    0.00    0.00    0.00    0.00    0.00    0.00  100.00
Average:       5    0.00    0.00    0.00    0.00    0.00    0.00    0.00    0.00  100.00
Average:       6    0.00    0.00    0.00    0.00    0.00    0.00    0.00    0.00  100.00
Average:       7    0.00    0.00    0.00    0.00    0.00    0.00    0.00    0.00  100.00
Average:       2    0.00    0.00    0.00    0.00    0.00    0.00    0.00    0.00  100.00
Average:       3    0.00    0.00    0.00    0.00    0.00    0.00    0.00    0.00  100.00
Average:       4    0.00    0.00    0.00    0.00    0.00    0.00    0.00    0.00  100.00
Average:       5    0.00    0.00    0.00    0.00    0.00    0.00    0.00    0.00  100.00
Average:       6    0.00    0.00    0.00    0.00    0.00    0.00    0.00    0.00  100.00
Average:       7    0.00    0.00    0.00    0.00    0.00    0.00    0.00    0.00  100.00
Average:       2    0.00    0.00    0.50    0.00    0.00    0.00    0.00    0.00   99.50
Average:       3    0.00    0.00    0.00    0.00    0.00    0.00    0.00    0.00  100.00
Average:       4    0.00    0.00    0.00    0.00    0.00    0.00    0.00    0.00  100.00
Average:       5    0.00    0.00    0.00    0.00    0.00    0.00    0.00    0.00  100.00
Average:       6    0.00    0.00    0.00    0.00    0.00    0.00    0.00    0.00  100.00
Average:       7    0.00    0.00    0.00    0.00    0.00    0.00    0.00    0.00  100.00
Average:       2    0.00    0.00    5.03    0.00    0.00    0.00    0.00    0.00   94.97
Average:       3    0.00    0.00    0.50    0.00    0.00    0.00    0.00    0.00   99.50
Average:       4    0.00    0.00    5.10    0.00    0.00    0.00    0.00    0.00   94.90
Average:       5    0.00    0.00    1.00    0.00    0.00    0.00    0.00    0.00   99.00
Average:       6    0.00    0.00    0.00    0.00    0.00    0.00    0.00    0.00  100.00
Average:       7    0.00    0.00    0.50    0.00    0.00    0.00    0.00    0.00   99.50
Average:       2    0.00    0.00    0.00    0.00    0.00    0.00    0.00    0.00  100.00
Average:       3    0.00    0.00    0.00    0.00    0.00    0.00    0.00    0.00  100.00
Average:       4    0.00    0.00    0.00    0.00    0.00    0.00    0.00    0.00  100.00
Average:       5    0.00    0.00    0.00    0.00    0.00    0.00    0.50    0.00   99.50
Average:       6    0.00    0.00    0.00    0.00    0.00    0.00    0.00    0.00  100.00
Average:       7    0.00    0.00    0.00    0.00    0.00    0.00    0.00    0.00  100.00
Average:       2    0.50    0.00    1.50    0.00    0.00    0.00    0.00    0.00   98.00
Average:       3    0.00    0.00    1.01    0.00    0.00    0.00    0.00    0.00   98.99
Average:       4    0.00    0.00    1.01    0.00    0.00    0.00    0.00    0.00   98.99
Average:       5    0.50    0.00    1.00    0.00    0.00    0.00    0.00    0.00   98.50
Average:       6    0.50    0.00    0.50    0.00    0.00    0.00    0.00    0.00   99.00
Average:       7    0.00    0.00    1.00    0.00    0.00    0.00    0.00    0.00   99.00
Average:       2    0.00    0.00    0.00    0.00    0.00    0.00    0.00    0.00  100.00
Average:       3    0.00    0.00    0.00    0.00    0.00    0.00    0.00    0.00  100.00
Average:       4    0.00    0.00    0.00    0.00    0.00    0.00    0.00    0.00  100.00
Average:       5    0.00    0.00    0.00    0.00    0.00    0.00    0.00    0.00  100.00
Average:       6    0.00    0.00    0.00    0.00    0.00    0.00    0.00    0.00  100.00
Average:       7    0.00    0.00    0.00    0.00    0.00    0.00    0.00    0.00  100.00
Average:       2    0.00    0.00    0.00    0.00    0.00    0.00    0.00    0.00  100.00
Average:       3    0.00    0.00    0.00    0.00    0.00    0.00    0.00    0.00  100.00
Average:       4    0.00    0.00    0.00    0.00    0.00    0.00    0.00    0.00  100.00
Average:       5    0.00    0.00    0.00    0.00    0.00    0.00    0.00    0.00  100.00
Average:       6    0.00    0.00    0.00    0.00    0.00    0.00    0.00    0.00  100.00
Average:       7    0.00    0.00    0.00    0.00    0.00    0.00    0.00    0.00  100.00
Average:       2    0.00    0.00    0.00    0.00    0.00    0.00    0.00    0.00  100.00
Average:       3    0.00    0.00    0.00    0.00    0.00    0.00    0.00    0.00  100.00
Average:       4    0.00    0.00    0.00    0.00    0.00    0.00    0.00    0.00  100.00
Average:       5    0.00    0.00    0.00    0.00    0.00    0.00    0.00    0.00  100.00
Average:       6    0.00    0.00    0.00    0.00    0.00    0.00    0.00    0.00  100.00
Average:       7    0.00    0.00    0.00    0.00    0.00    0.00    0.00    0.00  100.00
Average:       2    0.00    0.00    0.00    0.00    0.00    0.00    0.00    0.00  100.00
Average:       3    0.00    0.00    0.00    0.00    0.00    0.00    0.00    0.00  100.00
Average:       4    0.00    0.00    0.00    0.00    0.00    0.00    0.00    0.00  100.00
Average:       5    0.00    0.00    0.00    0.00    0.00    0.00    0.00    0.00  100.00
Average:       6    0.00    0.00    0.00    0.00    0.00    0.00    0.00    0.00  100.00
Average:       7    0.00    0.00    0.00    0.00    0.00    0.00    0.00    0.00  100.00
Average:       2    0.00    0.00    0.00    0.00    0.00    0.00    0.00    0.00  100.00
Average:       3    0.00    0.00    0.00    0.00    0.00    0.00    0.00    0.00  100.00
Average:       4    0.00    0.00    0.00    0.00    0.00    0.00    0.00    0.00  100.00
Average:       5    0.00    0.00    0.00    0.00    0.00    0.00    0.00    0.00  100.00
Average:       6    0.00    0.00    0.00    0.00    0.00    0.00    0.00    0.00  100.00
Average:       7    0.00    0.00    0.00    0.00    0.00    0.00    0.00    0.00  100.00
Average:       2    0.00    0.00    0.00    1.50    0.00    0.00    0.00    0.00   98.50
Average:       3    0.00    0.00    0.00    0.00    0.00    0.00    0.00    0.00  100.00
Average:       4    0.00    0.00    0.00    0.00    0.00    0.00    0.00    0.00  100.00
Average:       5    0.00    0.00    0.50    0.00    0.00    0.00    0.00    0.00   99.50
Average:       6    0.00    0.00    0.00    0.00    0.00    0.00    0.00    0.00  100.00
Average:       7    0.00    0.00    0.00    0.00    0.00    0.00    0.00    0.00  100.00
Average:       2    0.00    0.00    0.00    0.00    0.00    0.00    0.00    0.00  100.00
Average:       3    0.00    0.00    0.00    0.00    0.00    0.00    0.00    0.00  100.00
Average:       4    0.00    0.00    0.00    0.00    0.00    0.00    0.00    0.00  100.00
Average:       5    0.50    0.00    0.00    0.00    0.00    0.00    0.00    0.00   99.50
Average:       6    0.00    0.00    0.00    0.00    0.00    0.00    0.00    0.00  100.00
Average:       7    0.00    0.00    0.00    0.00    0.00    0.00    0.00    0.00  100.00
Average:       2    0.00    0.00    0.00    0.00    0.00    0.00    0.00    0.00  100.00
Average:       3    0.00    0.00    0.00    0.00    0.00    0.00    0.00    0.00  100.00
Average:       4    0.00    0.00    0.00    0.00    0.00    0.00    0.00    0.00  100.00
Average:       5    0.00    0.00    0.00    0.00    0.00    0.00    0.00    0.00  100.00
Average:       6    0.00    0.00    0.00    0.00    0.00    0.00    0.00    0.00  100.00
Average:       7    0.00    0.00    0.00    0.00    0.00    0.00    0.00    0.00  100.00
Average:       2    0.00    0.00    0.50    1.50    0.00    0.00    0.50    0.00   97.50
Average:       3    0.00    0.00    0.00    0.00    0.00    0.00    0.00    0.00  100.00
Average:       4    0.00    0.00    0.00    0.00    0.00    0.00    0.00    0.00  100.00
Average:       5    0.00    0.00    0.00    0.00    0.00    0.00    0.00    0.00  100.00
Average:       6    0.00    0.00    0.00    0.00    0.00    0.00    0.00    0.00  100.00
Average:       7    0.00    0.00    0.00    0.00    0.00    0.00    0.00    0.00  100.00
Average:       2    0.00    0.00    0.00    0.00    0.00    0.00    0.00    0.00  100.00
Average:       3    0.00    0.00    0.00    0.00    0.00    0.00    0.00    0.00  100.00
Average:       4    0.00    0.00    0.00    0.00    0.00    0.00    0.50    0.00   99.50
Average:       5    0.00    0.00    0.00    0.00    0.00    0.00    0.00    0.00  100.00
Average:       6    0.00    0.00    0.00    0.00    0.00    0.00    0.00    0.00  100.00
Average:       7    0.00    0.00    0.00    0.00    0.00    0.00    0.00    0.00  100.00
Average:       2    0.00    0.00    0.50    2.01    0.00    0.00    0.00    0.00   97.49
Average:       3    0.00    0.00    0.00    0.00    0.00    0.00    0.00    0.00  100.00
Average:       4    0.00    0.00    0.00    0.00    0.00    0.00    0.00    0.00  100.00
Average:       5    0.00    0.00    0.00    0.00    0.00    0.00    0.00    0.00  100.00
Average:       6    0.00    0.00    0.00    0.00    0.00    0.00    0.00    0.00  100.00
Average:       7    0.00    0.00    0.00    0.00    0.00    0.00    0.00    0.00  100.00
Average:       2    0.00    0.00    0.00    0.00    0.00    0.00    0.00    0.00  100.00
Average:       3    0.00    0.00    0.00    0.00    0.00    0.00    0.00    0.00  100.00
Average:       4    0.00    0.00    0.00    0.00    0.00    0.00    0.00    0.00  100.00
Average:       5    0.00    0.00    0.00    0.00    0.00    0.00    0.00    0.00  100.00
Average:       6    0.00    0.00    0.00    0.00    0.00    0.00    0.00    0.00  100.00
Average:       7    0.00    0.00    0.00    0.00    0.00    0.00    0.00    0.00  100.00
Average:       2    0.00    0.00    0.00    0.00    0.00    0.00    0.00    0.00  100.00
Average:       3    0.00    0.00    0.00    0.00    0.00    0.00    0.00    0.00  100.00
Average:       4    0.00    0.00    0.50    0.00    0.00    0.00    0.00    0.00   99.50
Average:       5    0.00    0.00    0.00    0.00    0.00    0.00    0.00    0.00  100.00
Average:       6    0.00    0.00    0.00    0.00    0.00    0.00    0.00    0.00  100.00
Average:       7    0.00    0.00    0.00    0.00    0.00    0.00    0.00    0.00  100.00
Average:       2    0.00    0.00    0.00    0.00    0.00    0.00    0.00    0.00  100.00
Average:       3    0.00    0.00    0.00    0.00    0.00    0.00    0.00    0.00  100.00
Average:       4    0.00    0.00    0.00    0.00    0.00    0.00    0.00    0.00  100.00
Average:       5    0.00    0.00    0.00    0.00    0.00    0.00    0.00    0.00  100.00
Average:       6    0.00    0.00    0.50    0.00    0.00    0.00    0.00    0.00   99.50
Average:       7    0.00    0.00    0.00    0.00    0.00    0.00    0.00    0.00  100.00
Average:       2    0.00    0.00    1.51    0.00    0.00    0.00    0.00    0.00   98.49
Average:       3    0.51    0.00    4.57   13.20    0.00    0.00    0.00    0.00   81.73
Average:       4    0.00    0.00    0.51    0.00    0.00    0.00    0.00    0.00   99.49
Average:       5    0.00    0.00    1.99    0.50    0.00    0.00    0.00    0.00   97.51
Average:       6    0.51    0.00    0.51    0.00    0.00    0.00    0.00    0.00   98.99
Average:       7    0.00    0.00    1.99    0.00    0.00    0.00    0.00    0.00   98.01
Average:       2    0.00    0.00    0.00    0.00    0.00    0.00    0.00    0.00  100.00
Average:       3    0.00    0.00    0.00    0.00    0.00    0.00    0.00    0.00  100.00
Average:       4    0.00    0.00    0.00    0.00    0.00    0.00    0.00    0.00  100.00
Average:       5    0.00    0.00    0.00    0.00    0.00    0.00    0.00    0.00  100.00
Average:       6    0.00    0.00    0.00    0.00    0.00    0.00    0.00    0.00  100.00
Average:       7    0.00    0.00    0.00    0.00    0.00    0.00    0.00    0.00  100.00
Average:       2   51.50    0.00    0.00    0.00    0.00    0.00    0.00    0.00   48.50
Average:       3    0.00    0.00    0.00    0.00    0.00    0.00    0.00    0.00  100.00
Average:       4    0.00    0.00    0.00    0.00    0.00    0.00    0.00    0.00  100.00
Average:       5    0.00    0.00    0.00    0.00    0.00    0.00    0.00    0.00  100.00
Average:       6    0.00    0.00    0.00    0.00    0.00    0.00    0.00    0.00  100.00
Average:       7    0.00    0.00    1.00    0.00    0.00    0.00    0.00    0.00   99.00
Average:       2  100.00    0.00    0.00    0.00    0.00    0.00    0.00    0.00    0.00
Average:       3    0.00    0.00    0.00    0.00    0.00    0.00    0.00    0.00  100.00
Average:       4    0.00    0.00    0.00    0.00    0.00    0.00    0.00    0.00  100.00
Average:       5    0.00    0.00    0.00    0.00    0.00    0.00    0.00    0.00  100.00
Average:       6    0.00    0.00    0.00    0.00    0.00    0.00    0.00    0.00  100.00
Average:       7    0.00    0.00    0.00    0.00    0.00    0.00    0.00    0.00  100.00
Average:       2  100.00    0.00    0.00    0.00    0.00    0.00    0.00    0.00    0.00
Average:       3    0.00    0.00    0.00    0.00    0.00    0.00    0.00    0.00  100.00
Average:       4    0.00    0.00    0.00    0.00    0.00    0.00    0.00    0.00  100.00
Average:       5    0.00    0.00    0.00    0.00    0.00    0.00    0.00    0.00  100.00
Average:       6    0.00    0.00    0.00    0.00    0.00    0.00    0.00    0.00  100.00
Average:       7    0.00    0.00    0.00    0.00    0.00    0.00    0.00    0.00  100.00
Average:       2  100.00    0.00    0.00    0.00    0.00    0.00    0.00    0.00    0.00
Average:       3    0.00    0.00    0.00    0.00    0.00    0.00    0.00    0.00  100.00
Average:       4    0.00    0.00    0.00    0.00    0.00    0.00    0.00    0.00  100.00
Average:       5    0.00    0.00    0.00    0.00    0.00    0.00    0.00    0.00  100.00
Average:       6    0.00    0.00    0.00    0.00    0.00    0.00    0.00    0.00  100.00
Average:       7    0.00    0.00    0.00    0.00    0.00    0.00    0.00    0.00  100.00
Average:       2  100.00    0.00    0.00    0.00    0.00    0.00    0.00    0.00    0.00
Average:       3    0.00    0.00    0.00    0.00    0.00    0.00    0.00    0.00  100.00
Average:       4    0.00    0.00    0.00    0.00    0.00    0.00    0.00    0.00  100.00
Average:       5    0.00    0.00    0.00    0.00    0.00    0.00    0.00    0.00  100.00
Average:       6    0.00    0.00    0.00    0.00    0.00    0.00    0.00    0.00  100.00
Average:       7    0.50    0.00    0.00    0.00    0.00    0.00    0.00    0.00   99.50
Average:       2  100.00    0.00    0.00    0.00    0.00    0.00    0.00    0.00    0.00
Average:       3    0.00    0.00    0.00    0.00    0.00    0.00    0.00    0.00  100.00
Average:       4    0.00    0.00    0.00    0.00    0.00    0.00    0.00    0.00  100.00
Average:       5    0.50    0.00    0.00    0.00    0.00    0.00    0.00    0.00   99.50
Average:       6    0.00    0.00    0.00    0.00    0.00    0.00    0.00    0.00  100.00
Average:       7    0.00    0.00    0.00    0.00    0.00    0.00    0.00    0.00  100.00
Average:       2  100.00    0.00    0.00    0.00    0.00    0.00    0.00    0.00    0.00
Average:       3    0.00    0.00    0.00    0.00    0.00    0.00    0.00    0.00  100.00
Average:       4    0.00    0.00    0.00    0.00    0.00    0.00    0.00    0.00  100.00
Average:       5    0.00    0.00    0.00    0.00    0.00    0.00    0.00    0.00  100.00
Average:       6    0.00    0.00    0.00    0.00    0.00    0.00    0.00    0.00  100.00
Average:       7    0.00    0.00    0.00    0.00    0.00    0.00    0.00    0.00  100.00
Average:       2   99.50    0.00    0.50    0.00    0.00    0.00    0.00    0.00    0.00
Average:       3    0.00    0.00    0.00    0.00    0.00    0.00    0.00    0.00  100.00
Average:       4    0.00    0.00    0.00    0.00    0.00    0.00    0.00    0.00  100.00
Average:       5    0.00    0.00    0.00    0.00    0.00    0.00    0.00    0.00  100.00
Average:       6    0.50    0.00    0.00    0.00    0.00    0.00    0.00    0.00   99.50
Average:       7    0.00    0.00    0.00    0.00    0.00    0.00    0.00    0.00  100.00
Average:       2  100.00    0.00    0.00    0.00    0.00    0.00    0.00    0.00    0.00
Average:       3    0.00    0.00    0.00    0.00    0.00    0.00    0.00    0.00  100.00
Average:       4    0.00    0.00    0.00    0.00    0.00    0.00    0.00    0.00  100.00
Average:       5    0.00    0.00    0.00    0.00    0.00    0.00    0.00    0.00  100.00
Average:       6    0.00    0.00    0.00    0.00    0.00    0.00    0.00    0.00  100.00
Average:       7    0.00    0.00    0.00    0.00    0.00    0.00    0.00    0.00  100.00
Average:       2   99.50    0.00    0.50    0.00    0.00    0.00    0.00    0.00    0.00
Average:       3    0.00    0.00    0.00    0.00    0.00    0.00    0.00    0.00  100.00
Average:       4    0.00    0.00    0.00    0.00    0.00    0.00    0.00    0.00  100.00
Average:       5    0.00    0.00    0.00    0.00    0.00    0.00    0.00    0.00  100.00
Average:       6    0.50    0.00    0.00    0.00    0.00    0.00    0.00    0.00   99.50
Average:       7    0.00    0.00    0.00    0.00    0.00    0.00    0.00    0.00  100.00
Average:       2   99.50    0.00    0.50    0.00    0.00    0.00    0.00    0.00    0.00
Average:       3    0.00    0.00    0.00    0.00    0.00    0.00    0.00    0.00  100.00
Average:       4    0.00    0.00    0.00    0.00    0.00    0.00    0.00    0.00  100.00
Average:       5    0.00    0.00    0.00    0.00    0.00    0.00    0.00    0.00  100.00
Average:       6    0.00    0.00    0.00    0.00    0.00    0.00    0.00    0.00  100.00
Average:       7    0.00    0.00    0.00    0.00    0.00    0.00    0.00    0.00  100.00
Average:       2  100.00    0.00    0.00    0.00    0.00    0.00    0.00    0.00    0.00
Average:       3    0.00    0.00    0.00    0.00    0.00    0.00    0.00    0.00  100.00
Average:       4    0.00    0.00    0.00    0.00    0.00    0.00    0.50    0.00   99.50
Average:       5    0.00    0.00    0.00    0.00    0.00    0.00    0.00    0.00  100.00
Average:       6    0.00    0.00    0.00    0.00    0.00    0.00    0.00    0.00  100.00
Average:       7    0.00    0.00    0.00    0.00    0.00    0.00    0.00    0.00  100.00
Average:       2   56.72    0.00    0.50    0.00    0.00    0.00    0.00    0.00   42.79
Average:       3    0.00    0.00    0.50    0.00    0.00    0.00    0.00    0.00   99.50
Average:       4    0.00    0.00    0.00    0.00    0.00    0.00    0.00    0.00  100.00
Average:       5    0.00    0.00    0.00    0.00    0.00    0.00    0.00    0.00  100.00
Average:       6    0.50    0.00    0.00    0.00    0.00    0.00    0.00    0.00   99.50
Average:       7    0.00    0.00    0.00    0.00    0.00    0.00    0.00    0.00  100.00
Average:       2  100.00    0.00    0.00    0.00    0.00    0.00    0.00    0.00    0.00
Average:       3    0.00    0.00    1.01    0.00    0.00    0.00    0.00    0.00   98.99
Average:       4    0.50    0.00    1.01    0.00    0.00    0.00    0.00    0.00   98.49
Average:       5    0.00    0.00    2.00    0.00    0.00    0.00    0.00    0.00   98.00
Average:       6    0.50    0.00    1.50    0.00    0.00    0.00    0.00    0.00   98.00
Average:       7    0.00    0.00    1.01    0.00    0.00    0.00    0.00    0.00   98.99
Average:       2  100.00    0.00    0.00    0.00    0.00    0.00    0.00    0.00    0.00
Average:       3    0.00    0.00    0.00    0.00    0.00    0.00    0.00    0.00  100.00
Average:       4    0.00    0.00    0.00    0.00    0.00    0.00    0.00    0.00  100.00
Average:       5    0.00    0.00    0.00    0.00    0.00    0.00    0.00    0.00  100.00
Average:       6    0.00    0.00    0.00    0.00    0.00    0.00    0.00    0.00  100.00
Average:       7    0.00    0.00    0.00    0.00    0.00    0.00    0.00    0.00  100.00
Average:       2  100.00    0.00    0.00    0.00    0.00    0.00    0.00    0.00    0.00
Average:       3    0.00    0.00    0.00    0.00    0.00    0.00    0.00    0.00  100.00
Average:       4    0.00    0.00    0.00    0.00    0.00    0.00    0.00    0.00  100.00
Average:       5    0.00    0.00    0.00    0.00    0.00    0.00    0.00    0.00  100.00
Average:       6    0.00    0.00    0.00    0.00    0.00    0.00    0.00    0.00  100.00
Average:       7    0.00    0.00    0.00    0.00    0.00    0.00    0.00    0.00  100.00
Average:       2  100.00    0.00    0.00    0.00    0.00    0.00    0.00    0.00    0.00
Average:       3    0.00    0.00    0.00    0.00    0.00    0.00    0.00    0.00  100.00
Average:       4    0.00    0.00    0.00    0.00    0.00    0.00    0.00    0.00  100.00
Average:       5    0.00    0.00    0.00    0.00    0.00    0.00    0.00    0.00  100.00
Average:       6    0.00    0.00    0.00    0.00    0.00    0.00    0.00    0.00  100.00
Average:       7    0.00    0.00    0.00    0.00    0.00    0.00    0.00    0.00  100.00
Average:       2  100.00    0.00    0.00    0.00    0.00    0.00    0.00    0.00    0.00
Average:       3    0.00    0.00    0.00    0.00    0.00    0.00    0.00    0.00  100.00
Average:       4    0.00    0.00    0.00    0.00    0.00    0.00    0.00    0.00  100.00
Average:       5    0.00    0.00    0.00    0.00    0.00    0.00    0.00    0.00  100.00
Average:       6    0.00    0.00    0.00    0.00    0.00    0.00    0.00    0.00  100.00
Average:       7    0.00    0.00    0.00    0.00    0.00    0.00    0.00    0.00  100.00
Average:       2  100.00    0.00    0.00    0.00    0.00    0.00    0.00    0.00    0.00
Average:       3    0.00    0.00    0.00    0.00    0.00    0.00    0.00    0.00  100.00
Average:       4    0.00    0.00    0.00    0.00    0.00    0.00    0.00    0.00  100.00
Average:       5    0.00    0.00    0.00    0.00    0.00    0.00    0.00    0.00  100.00
Average:       6    0.00    0.00    0.00    0.00    0.00    0.00    0.00    0.00  100.00
Average:       7    0.00    0.00    0.00    0.00    0.00    0.00    0.00    0.00  100.00
Average:       2  100.00    0.00    0.00    0.00    0.00    0.00    0.00    0.00    0.00
Average:       3    0.00    0.00    0.00    0.00    0.00    0.00    0.00    0.00  100.00
Average:       4    0.00    0.00    0.00    0.00    0.00    0.00    0.00    0.00  100.00
Average:       5    0.00    0.00    0.00    0.00    0.00    0.00    0.00    0.00  100.00
Average:       6    0.00    0.00    0.00    0.00    0.00    0.00    0.00    0.00  100.00
Average:       7    0.00    0.00    0.00    0.00    0.00    0.00    0.00    0.00  100.00
Average:       2  100.00    0.00    0.00    0.00    0.00    0.00    0.00    0.00    0.00
Average:       3    0.00    0.00    0.00    0.00    0.00    0.00    0.00    0.00  100.00
Average:       4    0.00    0.00    0.00    0.00    0.00    0.00    0.00    0.00  100.00
Average:       5    0.00    0.00    0.00    0.00    0.00    0.00    0.00    0.00  100.00
Average:       6    0.50    0.00    0.00    0.00    0.00    0.00    0.00    0.00   99.50
Average:       7    0.00    0.00    0.00    0.00    0.00    0.00    0.00    0.00  100.00
Average:       2  100.00    0.00    0.00    0.00    0.00    0.00    0.00    0.00    0.00
Average:       3    0.00    0.00    0.00    0.00    0.00    0.00    0.00    0.00  100.00
Average:       4    0.00    0.00    0.00    0.00    0.00    0.00    0.00    0.00  100.00
Average:       5    0.00    0.00    0.00    0.00    0.00    0.00    0.00    0.00  100.00
Average:       6    0.00    0.00    0.00    0.00    0.00    0.00    0.00    0.00  100.00
Average:       7    0.00    0.00    0.00    0.00    0.00    0.00    0.00    0.00  100.00
Average:       2    0.00    0.00    1.00    0.00    0.00    0.00    0.00    0.00   99.00
Average:       3    0.00    0.00    0.00    0.00    0.00    0.00    0.52    0.00   99.48
Average:       4    0.00    0.00    0.00    0.00    0.00    0.00    0.00    0.00  100.00
Average:       5    0.00    0.00    0.00    0.00    0.00    0.00    0.00    0.00  100.00
Average:       6    0.00    0.00    0.00    0.00    0.00    0.00    0.00    0.00  100.00
Average:       7    0.00    0.00    0.00    0.00    0.00    0.00    0.00    0.00  100.00
Average:       2   10.10    0.00   15.66    0.00    0.00    0.00    0.00    0.00   74.24
Average:       3   13.07    0.00   14.57    0.00    0.00    0.00    0.00    0.00   72.36
Average:       4    8.12    0.00   12.69    0.00    0.00    0.00    0.00    0.00   79.19
Average:       5    8.59    0.00   15.66    0.00    0.00    0.00    0.00    0.00   75.76
Average:       6    9.09    0.00   15.66    0.00    0.00    0.00    0.00    0.00   75.25
Average:       7   10.66    0.00   16.75    2.03    0.00    0.00    0.51    0.00   70.05
Average:       2   10.20    0.00   18.88    0.00    0.00    0.00    0.00    0.00   70.92
Average:       3    5.08    0.00   12.18    0.00    0.00    0.00    0.00    0.00   82.74
Average:       4   10.66    0.00   18.78    0.00    0.00    0.00    0.00    0.00   70.56
Average:       5   17.86    0.00    9.18    0.00    0.00    0.00    0.00    0.00   72.96
Average:       6   12.12    0.00   18.69    0.00    0.00    0.00    0.00    0.00   69.19
Average:       7    9.00    0.00   16.00    0.00    0.00    0.00    0.50    0.00   74.50
Average:       2   11.56    0.00   15.58    1.01    0.00    0.00    0.00    0.00   71.86
Average:       3    8.08    0.00   15.15    0.00    0.00    0.00    0.00    0.00   76.77
Average:       4    7.65    0.00   13.78    0.00    0.00    0.00    0.51    0.00   78.06
Average:       5   12.31    0.00   15.38    0.00    0.00    0.00    0.00    0.00   72.31
Average:       6    8.04    0.00   15.08    0.00    0.00    0.00    0.00    0.00   76.88
Average:       7   12.12    0.00   17.68    0.00    0.00    0.00    0.00    0.00   70.20
Average:       2    9.60    0.00   17.17    0.00    0.00    0.00    0.00    0.00   73.23
Average:       3    9.74    0.00   16.41    0.00    0.00    0.00    0.00    0.00   73.85
Average:       4   12.63    0.00   15.66    0.00    0.00    0.00    0.00    0.00   71.72
Average:       5    8.63    0.00   15.74    0.00    0.00    0.00    0.00    0.00   75.63
Average:       6   10.61    0.00   15.66    0.00    0.00    0.00    0.00    0.00   73.74
Average:       7    8.63    0.00   14.21    0.00    0.00    0.00    0.00    0.00   77.16
Average:       2    5.58    0.00   10.66    0.00    0.00    0.00    0.00    0.00   83.76
Average:       3   17.09    0.00   18.59    0.00    0.00    0.00    0.00    0.00   64.32
Average:       4    4.59    0.00   10.71    0.00    0.00    0.00    0.00    0.00   84.69
Average:       5   13.20    0.00   16.75    0.00    0.00    0.00    0.51    0.00   69.54
Average:       6    6.63    0.00    8.67    0.00    0.00    0.00    0.00    0.00   84.69
Average:       7   16.75    0.00   20.30    0.00    0.00    0.00    0.00    0.00   62.94
Average:       2   39.59    0.00    7.11    0.00    0.00    0.00    0.00    0.00   53.30
Average:       3   28.57    0.00    8.16    0.00    0.00    0.00    0.00    0.00   63.27
Average:       4   21.61    0.00    4.52    0.00    0.00    0.00    0.00    0.00   73.87
Average:       5   38.38    0.00    9.60    0.00    0.00    0.00    0.00    0.00   52.02
Average:       6   36.00    0.00    3.00    0.00    0.00    0.00    0.00    0.00   61.00
Average:       7   68.00    0.00   13.50    0.00    0.00    0.00    0.50    0.00   18.00
Average:       2   50.00    0.00    8.00    0.00    0.00    0.00    0.00    0.00   42.00
Average:       3   36.22    0.00    3.06    0.00    0.00    0.00    0.00    0.00   60.71
Average:       4   41.29    0.00   12.44    0.00    0.00    0.00    0.50    0.00   45.77
Average:       5   34.67    0.00    4.52    0.00    0.00    0.00    0.50    0.00   60.30
Average:       6    7.61    0.00    2.03    0.00    0.00    0.00    0.00    0.00   90.36
Average:       7   34.52    0.00    3.55    0.00    0.00    0.00    0.00    0.00   61.93
Average:       2   45.50    0.00    7.00    0.00    0.00    0.00    0.00    0.00   47.50
Average:       3   29.95    0.00    5.08    0.00    0.00    0.00    0.51    0.00   64.47
Average:       4   27.14    0.00    2.01    0.00    0.00    0.00    0.50    0.00   70.35
Average:       5   43.00    0.00    8.00    0.00    0.00    0.00    0.50    0.00   48.50
Average:       6   21.61    0.00    5.53    0.00    0.00    0.00    0.00    0.00   72.86
Average:       7   13.37    0.00    4.46    0.00    0.00    0.00    0.00    0.00   82.18
Average:       2   27.78    0.00    6.06    0.00    0.00    0.00    0.00    0.00   66.16
Average:       3   35.20    0.00    7.14    0.00    0.00    0.00    0.00    0.00   57.65
Average:       4   13.07    0.00    6.03    0.00    0.00    0.00    0.00    0.00   80.90
Average:       5   56.57    0.00   10.61    0.00    0.00    0.00    0.00    0.00   32.83
Average:       6   30.61    0.00    3.57    0.00    0.00    0.00    0.51    0.00   65.31
Average:       7   27.36    0.00    7.96    0.00    0.00    0.00    0.00    0.00   64.68
Average:       2   26.90    0.00    6.09    0.00    0.00    0.00    0.51    0.00   66.50
Average:       3   33.67    0.00    6.53    0.00    0.00    0.00    0.00    0.00   59.80
Average:       4   30.81    0.00    6.06    0.00    0.00    0.00    0.00    0.00   63.13
Average:       5   54.55    0.00    7.07    0.00    0.00    0.00    0.00    0.00   38.38
Average:       6   21.83    0.00    5.58    0.00    0.00    0.00    0.00    0.00   72.59
Average:       7   36.22    0.00    3.06    0.00    0.00    0.00    0.00    0.00   60.71
Average:       2   21.50    0.00   10.00    0.00    0.00    0.00    0.00    0.00   68.50
Average:       3   42.42    0.00    3.03    0.00    0.00    0.00    0.00    0.00   54.55
Average:       4   25.13    0.00    5.53    0.00    0.00    0.00    0.50    0.00   68.84
Average:       5   29.29    0.00    3.54    0.00    0.00    0.00    0.00    0.00   67.17
Average:       6   43.50    0.00    6.00    0.00    0.00    0.00    0.00    0.00   50.50
Average:       7   54.27    0.00    5.03    0.00    0.00    0.00    0.50    0.00   40.20
Average:       2   62.50    0.00    9.50    0.00    0.00    0.00    0.00    0.00   28.00
Average:       3   22.50    0.00    7.50    0.00    0.00    0.00    0.50    0.00   69.50
Average:       4   31.82    0.00    3.03    0.00    0.00    0.00    0.00    0.00   65.15
Average:       5   28.36    0.00    3.98    0.00    0.00    0.00    0.00    0.00   67.66
Average:       6   24.37    0.00    4.06    0.00    0.00    0.00    0.51    0.00   71.07
Average:       7   43.65    0.00    9.64    0.00    0.00    0.00    0.00    0.00   46.70
Average:       2   10.00    0.00    5.50    0.00    0.00    0.00    0.50    0.00   84.00
Average:       3   58.21    0.00   12.44    0.00    0.00    0.00    0.50    0.00   28.86
Average:       4   35.50    0.00    7.00    0.00    0.00    0.00    0.00    0.00   57.50
Average:       5   41.62    0.00    8.12    0.00    0.00    0.00    0.00    0.00   50.25
Average:       6   31.12    0.00    7.65    0.00    0.00    0.00    0.00    0.00   61.22
Average:       7   30.81    0.00    3.03    0.00    0.00    0.00    0.00    0.00   66.16
Average:       2   39.20    0.00    4.02    0.00    0.00    0.00    0.50    0.00   56.28
Average:       3   31.82    0.00    8.08    0.00    0.00    0.00    0.00    0.00   60.10
Average:       4   28.22    0.00    6.44    0.00    0.00    0.00    0.50    0.00   64.85
Average:       5   37.81    0.00    4.98    0.00    0.00    0.00    0.50    0.00   56.72
Average:       6   36.36    0.00    8.08    0.00    0.00    0.00    0.00    0.00   55.56
Average:       7   36.00    0.00    5.00    0.00    0.00    0.00    0.00    0.00   59.00
Average:       2   27.14    0.00    3.52    0.00    0.00    0.00    0.00    0.00   69.35
Average:       3   51.52    0.00    8.08    0.00    0.00    0.00    0.00    0.00   40.40
Average:       4   21.11    0.00    4.52    0.00    0.00    0.00    0.00    0.00   74.37
Average:       5   25.76    0.00    7.07    0.00    0.00    0.00    0.00    0.00   67.17
Average:       6   31.47    0.00    4.06    0.00    0.00    0.00    0.00    0.00   64.47
Average:       7   30.00    0.00    5.00    0.00    0.00    0.00    0.00    0.00   65.00
Average:       2   29.95    0.00    7.61    0.00    0.00    0.00    0.00    0.00   62.44
Average:       3   37.00    0.00    4.50    0.00    0.00    0.00    0.50    0.00   58.00
Average:       4   43.15    0.00    9.14    0.00    0.00    0.00    0.00    0.00   47.72
Average:       5   19.70    0.00    3.03    0.00    0.00    0.00    0.00    0.00   77.27
Average:       6   38.69    0.00    5.53    0.00    0.00    0.00    0.00    0.00   55.78
Average:       7   33.33    0.00    5.56    0.00    0.00    0.00    0.00    0.00   61.11
Average:       2   38.69    0.00    6.53    0.00    0.00    0.00    0.00    0.00   54.77
Average:       3   25.76    0.00    8.08    0.00    0.00    0.00    0.00    0.00   66.16
Average:       4   21.61    0.00    8.04    0.00    0.00    0.00    0.50    0.00   69.85
Average:       5    8.08    0.00    3.03    0.00    0.00    0.00    0.00    0.00   88.89
Average:       6   70.35    0.00    6.53    0.00    0.00    0.00    0.00    0.00   23.12
Average:       7   42.21    0.00    5.03    0.00    0.00    0.00    0.00    0.00   52.76
Average:       2   15.82    0.00    4.08    0.00    0.00    0.00    0.00    0.00   80.10
Average:       3   37.50    0.00    4.50    0.00    0.00    0.00    0.00    0.00   58.00
Average:       4   47.98    0.00    5.56    0.00    0.00    0.00    0.00    0.00   46.46
Average:       5   42.21    0.00    8.54    0.00    0.00    0.00    0.00    0.00   49.25
Average:       6   18.91    0.00    4.98    0.00    0.00    0.00    0.00    0.00   76.12
Average:       7   51.24    0.00    8.46    0.00    0.00    0.00    0.00    0.00   40.30
Average:       2   27.86    0.00    5.47    0.00    0.00    0.00    0.00    0.00   66.67
Average:       3   39.20    0.00    4.02    0.00    0.00    0.00    0.50    0.00   56.28
Average:       4   27.04    0.00    6.63    0.00    0.00    0.00    0.00    0.00   66.33
Average:       5   39.70    0.00    6.03    0.00    0.00    0.00    0.00    0.00   54.27
Average:       6   20.00    0.00    5.50    0.00    0.00    0.00    0.50    0.00   74.00
Average:       7   14.57    0.00    4.02    0.00    0.00    0.00    0.00    0.00   81.41
Average:       2   38.31    0.00    5.97    0.00    0.00    0.00    0.50    0.00   55.22
Average:       3   17.59    0.00    3.02    0.00    0.00    0.00    0.50    0.00   78.89
Average:       4   28.79    0.00    5.05    0.00    0.00    0.00    0.51    0.00   65.66
Average:       5   26.50    0.00    7.00    0.00    0.00    0.00    0.00    0.00   66.50
Average:       6   36.50    0.00    7.50    0.00    0.00    0.00    0.00    0.00   56.00
Average:       7   13.64    0.00    2.02    0.00    0.00    0.00    0.00    0.00   84.34
Average:       2    8.04    0.00    4.52    0.00    0.00    0.00    0.50    0.00   86.93
Average:       3   40.91    0.00    7.58    0.00    0.00    0.00    0.00    0.00   51.52
Average:       4   17.68    0.00   10.10    0.00    0.00    0.00    0.00    0.00   72.22
Average:       5   45.00    0.00    6.00    0.00    0.00    0.00    0.50    0.00   48.50
Average:       6   38.12    0.00    9.41    0.00    0.00    0.00    0.00    0.00   52.48
Average:       7   37.88    0.00    8.59    0.00    0.00    0.00    0.00    0.00   53.54
Average:       2   29.44    0.00    6.09    0.00    0.00    0.00    0.00    0.00   64.47
Average:       3   42.50    0.00    3.50    0.00    0.00    0.00    0.50    0.00   53.50
Average:       4   42.42    0.00    8.59    0.00    0.00    0.00    0.00    0.00   48.99
Average:       5   19.70    0.00    5.05    0.00    0.00    0.00    0.00    0.00   75.25
Average:       6   24.75    0.00    3.03    0.00    0.00    0.00    0.00    0.00   72.22
Average:       7   38.31    0.00    4.98    0.00    0.00    0.00    0.50    0.00   56.22
Average:       2   29.00    0.00    9.00    0.00    0.00    0.00    0.50    0.00   61.50
Average:       3   33.33    0.00    4.55    0.00    0.00    0.00    0.51    0.00   61.62
Average:       4   26.00    0.00    4.50    0.00    0.00    0.00    0.00    0.00   69.50
Average:       5   37.44    0.00    9.23    0.00    0.00    0.00    0.51    0.00   52.82
Average:       6   30.35    0.00    8.96    0.00    0.00    0.00    0.00    0.00   60.70
Average:       7   34.67    0.00    4.52    0.00    0.00    0.00    0.50    0.00   60.30
Average:       2   49.50    0.00    5.00    0.00    0.00    0.00    0.00    0.00   45.50
Average:       3   37.76    0.00    5.61    0.00    0.00    0.00    0.00    0.00   56.63
Average:       4   25.13    0.00    3.02    0.00    0.00    0.00    0.00    0.00   71.86
Average:       5   21.29    0.00    3.96    0.00    0.00    0.00    0.50    0.00   74.26
Average:       6   33.84    0.00    6.06    0.00    0.00    0.00    0.51    0.00   59.60
Average:       7   27.92    0.00    9.14    0.00    0.00    0.00    0.00    0.00   62.94
Average:       2   39.50    0.00    8.50    0.00    0.00    0.00    0.50    0.00   51.50
Average:       3   36.36    0.00    6.57    0.00    0.00    0.00    0.00    0.00   57.07
Average:       4   23.23    0.00    3.03    0.00    0.00    0.00    0.00    0.00   73.74
Average:       5   30.35    0.00    6.47    0.00    0.00    0.00    0.50    0.00   62.69
Average:       6    8.12    0.00    2.03    0.00    0.00    0.00    0.00    0.00   89.85
Average:       7   45.96    0.00    6.57    0.00    0.00    0.00    0.51    0.00   46.97
Average:       2   21.72    0.00    6.06    0.00    0.00    0.00    0.00    0.00   72.22
Average:       3   16.50    0.00    5.00    0.50    0.00    0.00    0.00    0.00   78.00
Average:       4   34.85    0.00    5.05    0.00    0.00    0.00    0.00    0.00   60.10
Average:       5   49.24    0.00    6.09    0.00    0.00    0.00    0.00    0.00   44.67
Average:       6   46.73    0.00    8.54    0.00    0.00    0.00    0.00    0.00   44.72
Average:       7   39.39    0.00    5.05    0.00    0.00    0.00    0.00    0.00   55.56
Average:       2   51.00    0.00    8.50    0.00    0.00    0.00    0.00    0.00   40.50
Average:       3   66.50    0.00    7.50    0.00    0.00    0.00    0.50    0.00   25.50
Average:       4   37.00    0.00    4.50    0.00    0.00    0.00    0.00    0.00   58.50
Average:       5   15.08    0.00    4.02    0.00    0.00    0.00    0.50    0.00   80.40
Average:       6   48.00    0.00    8.00    0.00    0.00    0.00    0.50    0.00   43.50
Average:       7   21.61    0.00    5.03    0.00    0.00    0.00    0.50    0.00   72.86
Average:       2   31.31    0.00    6.06    0.00    0.00    0.00    0.00    0.00   62.63
Average:       3   23.98    0.00    2.04    0.00    0.00    0.00    0.00    0.00   73.98
Average:       4   19.00    0.00    8.50    0.00    0.00    0.00    0.00    0.00   72.50
Average:       5   29.65    0.00    8.04    0.00    0.00    0.00    0.50    0.00   61.81
Average:       6   44.44    0.00    6.57    0.00    0.00    0.00    0.00    0.00   48.99
Average:       7   47.74    0.00   11.56    0.00    0.00    0.00    0.00    0.00   40.70
Average:       2   40.91    0.00    7.07    0.00    0.00    0.00    0.00    0.00   52.02
Average:       3   21.00    0.00    3.50    0.00    0.00    0.00    0.50    0.00   75.00
Average:       4   26.26    0.00    5.05    0.00    0.00    0.00    0.00    0.00   68.69
Average:       5   56.72    0.00   10.45    0.00    0.00    0.00    0.00    0.00   32.84
Average:       6   17.17    0.00    3.54    0.00    0.00    0.00    0.51    0.00   78.79
Average:       7   25.89    0.00    4.57    0.00    0.00    0.00    0.00    0.00   69.54
Average:       2   27.64    0.00    7.04    0.00    0.00    0.00    0.50    0.00   64.82
Average:       3   60.50    0.00    8.50    0.00    0.00    0.00    0.50    0.00   30.50
Average:       4   29.08    0.00    2.55    0.00    0.00    0.00    0.00    0.00   68.37
Average:       5   26.53    0.00    4.08    0.00    0.00    0.00    0.00    0.00   69.39
Average:       6   33.67    0.00    5.53    0.00    0.00    0.00    0.00    0.00   60.80
Average:       7   34.34    0.00    5.05    0.00    0.00    0.00    0.00    0.00   60.61
Average:       2   67.68    0.00   13.13    0.51    0.00    0.00    1.01    0.00   17.68
Average:       3   41.92    0.00    3.54    0.51    0.00    0.00    0.51    0.00   53.54
Average:       4   12.12    0.00    2.02    0.51    0.00    0.00    0.51    0.00   84.85
Average:       5   64.68    0.00    7.46    1.00    0.00    0.00    0.00    0.00   26.87
Average:       6   45.50    0.00    8.00    0.50    0.00    0.00    0.00    0.00   46.00
Average:       7   34.00    0.00    4.50    0.00    0.00    0.00    0.00    0.00   61.50
Average:       2   28.72    0.00    3.59    0.00    0.00    0.00    0.00    0.00   67.69
Average:       3   56.28    0.00    9.55    0.00    0.00    0.00    0.50    0.00   33.67
Average:       4   44.00    0.00    6.50    0.00    0.00    0.00    0.00    0.00   49.50
Average:       5   16.33    0.00    5.10    0.00    0.00    0.00    0.00    0.00   78.57
Average:       6   26.26    0.00    2.02    0.00    0.00    0.00    0.51    0.00   71.21
Average:       7   44.44    0.00    5.05    0.00    0.00    0.00    0.00    0.00   50.51
Average:       2   25.13    0.00    2.01    0.00    0.00    0.00    0.00    0.00   72.86
Average:       3    5.56    0.00    1.01    0.00    0.00    0.00    0.00    0.00   93.43
Average:       4   30.20    0.00    6.44    0.00    0.00    0.00    0.50    0.00   62.87
Average:       5   67.34    0.00   10.55    0.00    0.00    0.00    0.00    0.00   22.11
Average:       6   33.50    0.00    5.00    0.00    0.00    0.00    0.00    0.00   61.50
Average:       7   28.86    0.00    2.99    0.00    0.00    0.00    0.00    0.00   68.16
Average:       2   35.00    0.00    4.00    0.00    0.00    0.00    0.00    0.00   61.00
Average:       3   42.79    0.00    5.47    0.00    0.00    0.00    0.50    0.00   51.24
Average:       4   28.43    0.00    4.57    0.00    0.00    0.00    0.00    0.00   67.01
Average:       5   22.11    0.00    4.02    0.00    0.00    0.00    0.00    0.00   73.87
Average:       6   26.53    0.00    6.12    0.00    0.00    0.00    0.00    0.00   67.35
Average:       7   33.50    0.00    6.50    0.50    0.00    0.00    0.50    0.00   59.00
Average:       2   51.76    0.00    8.04    0.00    0.00    0.00    0.00    0.00   40.20
Average:       3   43.22    0.00    5.03    0.00    0.00    0.00    0.00    0.00   51.76
Average:       4   44.95    0.00    6.06    0.51    0.00    0.00    0.00    0.00   48.48
Average:       5   25.13    0.00    4.02    0.00    0.00    0.00    0.00    0.00   70.85
Average:       6   49.00    0.00    4.50    0.00    0.00    0.00    0.00    0.00   46.50
Average:       7   17.26    0.00    2.54    0.00    0.00    0.00    0.00    0.00   80.20
Average:       2   24.49    0.00    7.14    0.00    0.00    0.00    0.00    0.00   68.37
Average:       3   46.97    0.00    5.05    0.00    0.00    0.00    0.00    0.00   47.98
Average:       4   14.07    0.00    6.03    0.00    0.00    0.00    0.00    0.00   79.90
Average:       5   50.00    0.00    7.07    0.00    0.00    0.00    0.00    0.00   42.93
Average:       6   36.68    0.00    7.04    0.00    0.00    0.00    0.00    0.00   56.28
Average:       7   28.36    0.00    7.46    0.00    0.00    0.00    0.00    0.00   64.18
Average:       2   19.80    0.00    4.57    0.00    0.00    0.00    0.00    0.00   75.63
Average:       3   42.00    0.00    4.50    0.00    0.00    0.00    0.50    0.00   53.00
Average:       4   22.61    0.00    4.02    0.00    0.00    0.00    0.00    0.00   73.37
Average:       5   31.16    0.00    4.02    0.00    0.00    0.00    0.50    0.00   64.32
Average:       6   32.50    0.00    6.50    0.00    0.00    0.00    0.50    0.00   60.50
Average:       7   42.71    0.00   10.05    0.00    0.00    0.00    0.00    0.00   47.24
Average:       2   28.93    0.00    2.03    0.00    0.00    0.00    0.51    0.00   68.53
Average:       3   24.12    0.00    6.53    0.00    0.00    0.00    0.00    0.00   69.35
Average:       4   45.69    0.00    5.58    0.00    0.00    0.00    0.51    0.00   48.22
Average:       5   51.76    0.00    8.54    0.00    0.00    0.00    0.50    0.00   39.20
Average:       6   40.61    0.00    5.58    0.00    0.00    0.00    0.00    0.00   53.81
Average:       7   42.21    0.00    7.54    0.00    0.00    0.00    0.00    0.00   50.25
Average:       2   35.53    0.00    8.12    0.00    0.00    0.00    0.00    0.00   56.35
Average:       3   36.18    0.00    5.53    0.00    0.00    0.00    0.50    0.00   57.79
Average:       4   27.92    0.00    6.09    0.00    0.00    0.00    0.00    0.00   65.99
Average:       5   29.29    0.00    7.07    0.00    0.00    0.00    0.00    0.00   63.64
Average:       6   25.25    0.00    5.05    0.00    0.00    0.00    0.00    0.00   69.70
Average:       7   10.55    0.00    3.02    0.00    0.00    0.00    0.00    0.00   86.43
Average:       2   26.26    0.00    8.08    0.00    0.00    0.00    0.00    0.00   65.66
Average:       3   29.95    0.00    3.55    0.00    0.00    0.00    0.00    0.00   66.50
Average:       4   33.33    0.00    3.03    0.00    0.00    0.00    0.51    0.00   63.13
Average:       5   30.35    0.00    6.97    0.00    0.00    0.00    0.50    0.00   62.19
Average:       6   35.35    0.00    4.04    0.00    0.00    0.00    0.00    0.00   60.61
Average:       7   27.00    0.00    4.00    0.00    0.00    0.00    0.00    0.00   69.00
Average:       2   62.50    0.00    9.50    0.00    0.00    0.00    0.00    0.00   28.00
Average:       3   25.89    0.00    3.55    0.00    0.00    0.00    0.00    0.00   70.56
Average:       4   17.00    0.00    4.00    0.00    0.00    0.00    0.00    0.00   79.00
Average:       5   30.46    0.00    6.60    0.00    0.00    0.00    0.00    0.00   62.94
Average:       6   33.84    0.00    7.07    0.00    0.00    0.00    0.00    0.00   59.09
Average:       7   25.25    0.00    3.54    0.00    0.00    0.00    0.00    0.00   71.21
Average:       2   29.80    0.00    3.03    0.51    0.00    0.00    0.00    0.00   66.67
Average:       3   31.47    0.00    3.05    0.00    0.00    0.00    0.51    0.00   64.97
Average:       4   46.23    0.00    9.05    0.00    0.00    0.00    1.01    0.00   43.72
Average:       5   21.11    0.00    3.02    0.00    0.00    0.00    0.00    0.00   75.88
Average:       6   11.62    0.00    4.04    0.00    0.00    0.00    0.00    0.00   84.34
Average:       7   27.78    0.00    5.05    0.00    0.00    0.00    0.00    0.00   67.17
Average:       2   17.68    0.00    4.55    0.00    0.00    0.00    0.51    0.00   77.27
Average:       3   41.92    0.00    8.08    0.00    0.00    0.00    0.00    0.00   50.00
Average:       4   30.50    0.00    7.50    0.00    0.00    0.00    0.00    0.00   62.00
Average:       5   33.33    0.00    7.07    0.00    0.00    0.00    0.00    0.00   59.60
Average:       6   35.53    0.00    6.60    0.00    0.00    0.00    0.00    0.00   57.87
Average:       7   39.20    0.00    4.02    0.00    0.00    0.00    0.50    0.00   56.28
Average:       2   21.00    0.00    3.00    0.00    0.00    0.00    0.00    0.00   76.00
Average:       3   36.00    0.00    5.50    0.00    0.00    0.00    0.50    0.00   58.00
Average:       4   69.00    0.00   12.50    0.00    0.00    0.00    0.50    0.00   18.00
Average:       5   22.11    0.00    5.53    0.00    0.00    0.00    0.00    0.00   72.36
Average:       6   32.16    0.00    4.02    0.00    0.00    0.00    0.00    0.00   63.82
Average:       7   19.60    0.00    4.52    0.00    0.00    0.00    0.50    0.00   75.38
Average:       2   29.80    0.00    3.03    0.00    0.00    0.00    0.00    0.00   67.17
Average:       3   29.00    0.00    3.50    0.00    0.00    0.00    0.50    0.00   67.00
Average:       4   26.77    0.00    9.60    0.00    0.00    0.00    0.00    0.00   63.64
Average:       5   50.25    0.00   10.05    0.00    0.00    0.00    0.50    0.00   39.20
Average:       6   50.00    0.00    5.56    0.00    0.00    0.00    0.00    0.00   44.44
Average:       7   18.69    0.00    5.05    0.00    0.00    0.00    0.00    0.00   76.26
Average:       2   31.63    0.00    5.10    0.00    0.00    0.00    0.00    0.00   63.27
Average:       3   32.66    0.00    4.02    0.00    0.00    0.00    0.50    0.00   62.81
Average:       4   25.25    0.00    6.06    0.00    0.00    0.00    0.00    0.00   68.69
Average:       5   20.20    0.00    9.09    0.00    0.00    0.00    0.00    0.00   70.71
Average:       6   43.43    0.00    4.55    0.00    0.00    0.00    0.00    0.00   52.02
Average:       7   30.96    0.00    5.08    0.00    0.00    0.00    0.00    0.00   63.96
Average:       2   47.47    0.00    5.05    0.00    0.00    0.00    0.00    0.00   47.47
Average:       3   34.85    0.00    7.58    0.00    0.00    0.00    0.51    0.00   57.07
Average:       4   38.89    0.00    7.07    0.00    0.00    0.00    0.00    0.00   54.04
Average:       5   25.63    0.00    7.54    0.00    0.00    0.00    0.00    0.00   66.83
Average:       6   31.12    0.00    3.06    0.00    0.00    0.00    0.00    0.00   65.82
Average:       7   25.76    0.00    4.55    0.00    0.00    0.00    0.00    0.00   69.70
Average:       2   42.21    0.00    5.03    0.00    0.00    0.00    0.50    0.00   52.26
Average:       3   28.79    0.00    4.04    0.00    0.00    0.00    0.51    0.00   66.67
Average:       4   18.78    0.00    3.05    0.00    0.00    0.00    0.00    0.00   78.17
Average:       5   51.00    0.00    8.00    0.00    0.00    0.00    0.00    0.00   41.00
Average:       6   47.47    0.00    7.07    0.00    0.00    0.00    0.00    0.00   45.45
Average:       7   33.33    0.00    6.06    0.00    0.00    0.00    0.00    0.00   60.61
Average:       2   43.65    0.00    3.55    0.00    0.00    0.00    0.00    0.00   52.79
Average:       3   40.91    0.00    4.04    0.00    0.00    0.00    0.00    0.00   55.05
Average:       4   42.21    0.00    6.03    0.00    0.00    0.00    0.50    0.00   51.26
Average:       5   19.50    0.00    9.00    0.00    0.00    0.00    0.50    0.00   71.00
Average:       6    7.04    0.00    2.51    0.00    0.00    0.00    0.00    0.00   90.45
Average:       7   54.82    0.00    7.11    0.00    0.00    0.00    0.51    0.00   37.56
Average:       2   26.63    0.00    9.05    0.00    0.00    0.00    0.00    0.00   64.32
Average:       3   39.90    0.00    5.05    0.00    0.00    0.00    0.51    0.00   54.55
Average:       4   31.82    0.00    5.05    0.00    0.00    0.00    0.00    0.00   63.13
Average:       5   20.30    0.00    5.58    0.00    0.00    0.00    0.00    0.00   74.11
Average:       6   28.64    0.00    5.53    0.00    0.00    0.00    0.50    0.00   65.33
Average:       7   43.72    0.00    9.55    0.00    0.00    0.00    0.50    0.00   46.23
Average:       2   41.21    0.00    8.04    0.00    0.00    0.00    0.50    0.00   50.25
Average:       3   43.15    0.00    5.08    0.00    0.00    0.00    0.00    0.00   51.78
Average:       4   17.26    0.00    5.58    0.00    0.00    0.00    0.51    0.00   76.65
Average:       5   42.93    0.00    8.08    0.00    0.00    0.00    0.00    0.00   48.99
Average:       6   20.71    0.00    4.04    0.00    0.00    0.00    0.00    0.00   75.25
Average:       7   27.41    0.00    6.09    0.00    0.00    0.00    0.00    0.00   66.50
Average:       2   20.00    0.00    8.00    0.00    0.00    0.00    0.00    0.00   72.00
Average:       3   36.68    0.00    6.53    0.00    0.00    0.00    0.00    0.00   56.78
Average:       4   58.59    0.00   10.61    0.00    0.00    0.00    0.00    0.00   30.81
Average:       5   28.00    0.00    3.50    0.00    0.00    0.00    0.00    0.00   68.50
Average:       6   46.77    0.00    5.97    0.00    0.00    0.00    0.00    0.00   47.26
Average:       7   28.14    0.00    3.52    0.00    0.00    0.00    0.50    0.00   67.84
Average:       2   42.50    0.00    7.00    0.00    0.00    0.00    0.00    0.00   50.50
Average:       3   60.61    0.00    5.56    0.00    0.00    0.00    0.00    0.00   33.84
Average:       4   27.14    0.00    2.51    0.00    0.00    0.00    0.00    0.00   70.35
Average:       5   47.45    0.00    5.10    0.00    0.00    0.00    0.00    0.00   47.45
Average:       6    0.00    0.00    1.52    0.00    0.00    0.00    0.00    0.00   98.48
Average:       7   37.88    0.00    7.07    0.00    0.00    0.00    0.00    0.00   55.05
Average:       2   13.13    0.00    4.55    0.51    0.00    0.00    0.00    0.00   81.82
Average:       3   54.50    0.00    3.00    0.00    0.00    0.00    0.50    0.00   42.00
Average:       4   22.34    0.00    7.61    0.00    0.00    0.00    0.00    0.00   70.05
Average:       5   47.47    0.00    3.54    0.00    0.00    0.00    0.00    0.00   48.99
Average:       6   34.63    0.00    2.93    0.00    0.00    0.00    0.49    0.00   61.95
Average:       7   30.46    0.00    5.08    0.00    0.00    0.00    0.00    0.00   64.47
Average:       2   37.19    0.00    5.53    0.00    0.00    0.00    0.00    0.00   57.29
Average:       3   36.36    0.00    5.56    0.00    0.00    0.00    0.00    0.00   58.08
Average:       4   18.41    0.00    6.97    0.00    0.00    0.00    0.50    0.00   74.13
Average:       5   30.00    0.00   11.50    0.00    0.00    0.00    0.00    0.00   58.50
Average:       6   24.10    0.00    7.18    0.00    0.00    0.00    0.00    0.00   68.72
Average:       7   26.77    0.00    4.55    0.00    0.00    0.00    0.00    0.00   68.69
Average:       2   23.62    0.00    7.54    0.00    0.00    0.00    0.00    0.00   68.84
Average:       3   17.26    0.00    6.09    0.00    0.00    0.00    0.00    0.00   76.65
Average:       4   34.01    0.00    4.06    0.00    0.00    0.00    0.00    0.00   61.93
Average:       5   38.69    0.00    5.03    0.00    0.00    0.00    0.00    0.00   56.28
Average:       6   43.22    0.00    7.04    0.00    0.00    0.00    0.00    0.00   49.75
Average:       7   25.89    0.00    8.63    0.00    0.00    0.00    0.00    0.00   65.48
Average:       2   16.67    0.00    4.55    0.00    0.00    0.00    0.00    0.00   78.79
Average:       3   30.81    0.00    7.58    0.00    0.00    0.00    0.00    0.00   61.62
Average:       4   23.08    0.00    5.13    0.00    0.00    0.00    0.00    0.00   71.79
Average:       5   46.23    0.00    8.54    0.00    0.00    0.00    0.00    0.00   45.23
Average:       6   36.55    0.00    7.11    0.00    0.00    0.00    0.00    0.00   56.35
Average:       7   34.36    0.00    8.21    0.00    0.00    0.00    0.00    0.00   57.44
Average:       2   25.76    0.00    6.06    0.00    0.00    0.00    0.00    0.00   68.18
Average:       3   22.84    0.00    4.06    0.00    0.00    0.00    0.00    0.00   73.10
Average:       4   23.47    0.00    7.14    0.00    0.00    0.00    0.00    0.00   69.39
Average:       5   47.74    0.00    6.03    0.00    0.00    0.00    0.50    0.00   45.73
Average:       6   31.79    0.00    8.72    0.00    0.00    0.00    0.00    0.00   59.49
Average:       7   42.57    0.00    9.41    0.00    0.00    0.00    0.50    0.00   47.52
Average:       2   21.61    0.00    4.52    0.00    0.00    0.00    0.50    0.00   73.37
Average:       3   29.80    0.00    6.06    0.00    0.00    0.00    0.00    0.00   64.14
Average:       4    8.63    0.00    3.55    0.00    0.00    0.00    0.00    0.00   87.82
Average:       5   43.43    0.00   10.10    0.00    0.00    0.00    0.00    0.00   46.46
Average:       6   27.64    0.00    5.53    0.00    0.00    0.00    0.50    0.00   66.33
Average:       7   34.85    0.00    5.05    0.00    0.00    0.00    0.00    0.00   60.10
Average:       2   33.33    0.00    5.05    0.00    0.00    0.00    0.00    0.00   61.62
Average:       3   37.37    0.00    6.57    0.00    0.00    0.00    0.00    0.00   56.06
Average:       4   26.90    0.00   11.17    0.00    0.00    0.00    0.00    0.00   61.93
Average:       5   22.73    0.00    3.54    0.00    0.00    0.00    0.51    0.00   73.23
Average:       6   17.00    0.00    2.50    0.00    0.00    0.00    0.00    0.00   80.50
Average:       7   66.50    0.00    7.00    0.00    0.00    0.00    0.00    0.00   26.50
Average:       2   45.69    0.00    7.11    0.00    0.00    0.00    0.00    0.00   47.21
Average:       3   52.28    0.00    7.61    0.00    0.00    0.00    0.00    0.00   40.10
Average:       4   19.80    0.00    7.11    0.00    0.00    0.00    0.00    0.00   73.10
Average:       5   36.87    0.00    3.03    0.00    0.00    0.00    0.00    0.00   60.10
Average:       6   26.13    0.00    6.53    0.00    0.00    0.00    0.00    0.00   67.34
Average:       7   20.10    0.00    3.52    0.00    0.00    0.00    0.50    0.00   75.88
Average:       2   16.67    0.00    8.59    0.00    0.00    0.00    0.00    0.00   74.75
Average:       3   23.35    0.00    4.57    0.00    0.00    0.00    0.00    0.00   72.08
Average:       4   20.71    0.00    1.52    0.00    0.00    0.00    0.00    0.00   77.78
Average:       5   44.00    0.00    8.00    0.00    0.00    0.00    0.00    0.00   48.00
Average:       6   32.00    0.00    8.50    0.00    0.00    0.00    0.50    0.00   59.00
Average:       7   27.14    0.00    5.03    0.00    0.00    0.00    0.00    0.00   67.84
Average:       2   28.28    0.00   12.63    0.00    0.00    0.00    0.00    0.00   59.09
Average:       3   40.61    0.00    5.58    0.00    0.00    0.00    0.00    0.00   53.81
Average:       4   44.95    0.00    4.04    0.00    0.00    0.00    0.00    0.00   51.01
Average:       5   37.19    0.00    3.02    0.00    0.00    0.00    0.00    0.00   59.80
Average:       6   38.81    0.00    7.46    0.00    0.00    0.00    0.00    0.00   53.73
Average:       7   26.77    0.00    2.53    0.00    0.00    0.00    0.00    0.00   70.71
Average:       2   24.62    0.00    5.13    0.00    0.00    0.00    0.00    0.00   70.26
Average:       3   40.31    0.00    5.10    0.00    0.00    0.00    0.00    0.00   54.59
Average:       4   28.28    0.00    5.05    0.00    0.00    0.00    0.00    0.00   66.67
Average:       5   22.96    0.00    1.53    0.00    0.00    0.00    0.00    0.00   75.51
Average:       6   41.84    0.00    7.14    0.00    0.00    0.00    0.00    0.00   51.02
Average:       7   21.00    0.00    6.00    0.00    0.00    0.00    0.00    0.00   73.00
Average:       2   31.00    0.00    9.00    0.00    0.00    0.00    0.00    0.00   60.00
Average:       3   24.75    0.00    6.57    0.00    0.00    0.00    0.00    0.00   68.69
Average:       4   15.15    0.00    5.56    0.00    0.00    0.00    0.00    0.00   79.29
Average:       5   50.25    0.00    8.12    0.00    0.00    0.00    0.00    0.00   41.62
Average:       6   33.67    0.00    4.52    0.00    0.00    0.00    0.50    0.00   61.31
Average:       7   22.22    0.00    2.02    0.00    0.00    0.00    0.51    0.00   75.25
Average:       2   28.57    0.00    7.14    0.00    0.00    0.00    0.00    0.00   64.29
Average:       3   51.76    0.00   10.55    0.00    0.00    0.00    0.00    0.00   37.69
Average:       4   33.33    0.00    6.06    0.00    0.00    0.00    0.00    0.00   60.61
Average:       5   16.16    0.00    3.03    0.00    0.00    0.00    0.51    0.00   80.30
Average:       6   37.69    0.00    8.04    0.00    0.00    0.00    0.00    0.00   54.27
Average:       7   42.13    0.00    7.11    0.00    0.00    0.00    0.00    0.00   50.76
Average:       2   28.28    0.00    6.06    0.00    0.00    0.00    0.51    0.00   65.15
Average:       3   17.00    0.00    4.50    0.00    0.00    0.00    0.50    0.00   78.00
Average:       4   33.17    0.00    6.03    0.00    0.00    0.00    0.50    0.00   60.30
Average:       5   29.00    0.00    7.00    0.00    0.00    0.00    0.00    0.00   64.00
Average:       6   24.12    0.00    7.04    0.00    0.00    0.00    0.50    0.00   68.34
Average:       7   38.07    0.00    5.58    0.00    0.00    0.00    0.00    0.00   56.35
Average:       2   31.00    0.00    5.50    0.00    0.00    0.00    0.00    0.00   63.50
Average:       3   30.96    0.00    3.05    0.00    0.00    0.00    0.51    0.00   65.48
Average:       4   25.38    0.00    2.03    0.00    0.00    0.00    0.00    0.00   72.59
Average:       5   34.67    0.00    6.03    0.00    0.00    0.00    0.00    0.00   59.30
Average:       6   42.57    0.00    6.44    0.00    0.00    0.00    0.00    0.00   50.99
Average:       7   39.59    0.00    6.60    0.00    0.00    0.00    0.00    0.00   53.81
Average:       2   45.73    0.00    5.03    0.00    0.00    0.00    0.00    0.00   49.25
Average:       3   52.76    0.00    8.04    0.00    0.00    0.00    0.00    0.00   39.20
Average:       4   29.65    0.00    3.52    0.00    0.00    0.00    0.50    0.00   66.33
Average:       5   24.12    0.00    7.54    0.00    0.00    0.00    0.00    0.00   68.34
Average:       6   16.16    0.00    2.53    0.00    0.00    0.00    0.51    0.00   80.81
Average:       7   20.20    0.00    5.56    0.00    0.00    0.00    0.00    0.00   74.24
Average:       2   56.78    0.00    6.53    0.00    0.00    0.00    0.50    0.00   36.18
Average:       3   28.14    0.00    2.51    0.00    0.00    0.00    0.00    0.00   69.35
Average:       4   26.13    0.00    3.52    0.00    0.00    0.00    0.00    0.00   70.35
Average:       5   26.90    0.00    3.55    0.00    0.00    0.00    0.00    0.00   69.54
Average:       6   19.00    0.00    5.50    0.00    0.00    0.00    0.00    0.00   75.50
Average:       7   27.50    0.00    7.00    0.00    0.00    0.00    0.50    0.00   65.00
Average:       2   25.63    0.00    4.02    0.00    0.00    0.00    0.00    0.00   70.35
Average:       3   38.00    0.00   12.00    0.00    0.00    0.00    0.00    0.00   50.00
Average:       4   19.19    0.00    4.55    0.00    0.00    0.00    0.00    0.00   76.26
Average:       5   26.90    0.00    2.54    0.00    0.00    0.00    0.00    0.00   70.56
Average:       6   46.50    0.00    8.50    0.00    0.00    0.00    0.50    0.00   44.50
Average:       7   31.31    0.00    3.03    0.00    0.00    0.00    0.51    0.00   65.15
Average:       2   31.82    0.00    5.05    0.00    0.00    0.00    0.00    0.00   63.13
Average:       3   22.84    0.00    9.14    0.00    0.00    0.00    0.00    0.00   68.02
Average:       4   24.24    0.00    3.54    0.00    0.00    0.00    0.00    0.00   72.22
Average:       5   32.66    0.00    4.02    0.00    0.00    0.00    0.00    0.00   63.32
Average:       6   24.50    0.00    9.50    0.00    0.00    0.00    1.00    0.00   65.00
Average:       7   34.50    0.00    5.50    0.00    0.00    0.00    0.00    0.00   60.00
Average:       2   12.00    0.00    7.00    0.00    0.00    0.00    0.50    0.00   80.50
Average:       3   65.17    0.00   10.45    0.00    0.00    0.00    0.50    0.00   23.88
Average:       4   28.14    0.00    3.02    0.00    0.00    0.00    0.00    0.00   68.84
Average:       5   43.43    0.00    6.57    0.00    0.00    0.00    0.00    0.00   50.00
Average:       6   28.93    0.00    5.58    0.00    0.00    0.00    0.51    0.00   64.97
Average:       7   26.77    0.00    3.03    0.00    0.00    0.00    0.51    0.00   69.70
Average:       2   12.63    0.00    2.53    0.00    0.00    0.00    0.00    0.00   84.85
Average:       3   62.76    0.00    5.61    0.00    0.00    0.00    0.00    0.00   31.63
Average:       4   33.50    0.00    7.11    0.00    0.00    0.00    0.00    0.00   59.39
Average:       5   39.90    0.00    7.58    0.00    0.00    0.00    0.00    0.00   52.53
Average:       6   28.64    0.00    5.53    0.00    0.00    0.00    0.50    0.00   65.33
Average:       7   48.22    0.00    9.64    0.00    0.00    0.00    0.00    0.00   42.13
Average:       2   33.67    0.00   11.06    0.00    0.00    0.00    0.50    0.00   54.77
Average:       3    5.05    0.00    3.03    0.00    0.00    0.00    0.00    0.00   91.92
Average:       4   23.35    0.00    6.09    0.00    0.00    0.00    0.00    0.00   70.56
Average:       5   42.00    0.00    9.50    0.00    0.00    0.00    0.00    0.00   48.50
Average:       6   31.82    0.00    7.58    0.00    0.00    0.00    0.00    0.00   60.61
Average:       7   42.42    0.00    8.08    0.00    0.00    0.00    0.00    0.00   49.49
Average:       2   30.85    0.00    6.97    0.00    0.00    0.00    0.50    0.00   61.69
Average:       3   24.37    0.00    2.03    0.00    0.00    0.00    0.00    0.00   73.60
Average:       4   22.22    0.00    7.58    0.00    0.00    0.00    0.00    0.00   70.20
Average:       5   35.18    0.00    7.54    0.00    0.00    0.00    0.00    0.00   57.29
Average:       6   41.50    0.00    8.50    0.00    0.00    0.00    0.00    0.00   50.00
Average:       7   73.37    0.00   10.05    0.00    0.00    0.00    0.00    0.00   16.58
Average:       2   26.63    0.00    5.53    0.00    0.00    0.00    0.00    0.00   67.84
Average:       3   62.31    0.00    4.02    0.00    0.00    0.00    0.00    0.00   33.67
Average:       4   33.50    0.00    5.50    0.00    0.00    0.00    0.00    0.00   61.00
Average:       5   54.73    0.00    4.98    0.00    0.00    0.00    0.00    0.00   40.30
Average:       6   22.00    0.00    6.00    0.00    0.00    0.00    0.00    0.00   72.00
Average:       7   63.00    0.00   13.50    0.00    0.00    0.00    0.50    0.00   23.00
Average:       2    6.50    0.00    5.00    0.00    0.00    0.00    0.00    0.00   88.50
Average:       3   48.24    0.00   11.06    0.00    0.00    0.00    0.00    0.00   40.70
Average:       4   25.76    0.00    9.09    0.00    0.00    0.00    0.00    0.00   65.15
Average:       5   37.88    0.00    7.58    0.00    0.00    0.00    0.00    0.00   54.55
Average:       6   36.68    0.00    4.52    0.00    0.00    0.00    0.00    0.00   58.79
Average:       7   45.27    0.00    5.97    0.00    0.00    0.00    0.00    0.00   48.76
Average:       2   19.10    0.00    7.04    0.00    0.00    0.00    0.00    0.00   73.87
Average:       3   29.80    0.00    5.05    0.00    0.00    0.00    0.00    0.00   65.15
Average:       4   23.86    0.00    1.52    0.00    0.00    0.00    0.00    0.00   74.62
Average:       5   32.99    0.00    4.57    0.00    0.00    0.00    0.00    0.00   62.44
Average:       6   38.19    0.00    6.53    0.00    0.00    0.00    0.00    0.00   55.28
Average:       7   47.03    0.00    8.42    0.00    0.00    0.00    0.50    0.00   44.06
Average:       2   25.25    0.00    5.05    0.00    0.00    0.00    0.00    0.00   69.70
Average:       3   31.66    0.00    6.03    0.00    0.00    0.00    0.00    0.00   62.31
Average:       4   22.84    0.00    8.12    0.00    0.00    0.00    0.00    0.00   69.04
Average:       5   21.65    0.00    3.09    0.00    0.00    0.00    0.00    0.00   75.26
Average:       6   54.77    0.00    7.54    0.00    0.00    0.00    0.00    0.00   37.69
Average:       7   60.61    0.00    8.08    0.00    0.00    0.00    0.00    0.00   31.31
Average:       2   44.95    0.00    5.56    0.00    0.00    0.00    0.00    0.00   49.49
Average:       3   38.38    0.00    6.06    0.00    0.00    0.00    0.51    0.00   55.05
Average:       4   21.21    0.00    5.05    0.00    0.00    0.00    0.51    0.00   73.23
Average:       5   49.49    0.00    5.05    0.00    0.00    0.00    0.00    0.00   45.45
Average:       6   23.00    0.00    7.00    0.00    0.00    0.00    0.50    0.00   69.50
Average:       7   17.82    0.00    5.94    0.00    0.00    0.00    0.99    0.00   75.25
Average:       2   36.00    0.00    6.00    0.00    0.00    0.00    0.00    0.00   58.00
Average:       3   22.73    0.00    7.07    0.00    0.00    0.00    0.51    0.00   69.70
Average:       4    9.09    0.00    3.54    0.00    0.00    0.00    0.51    0.00   86.87
Average:       5   25.00    0.00    9.00    0.00    0.00    0.00    0.00    0.00   66.00
Average:       6   35.64    0.00    6.44    0.00    0.00    0.00    0.50    0.00   57.43
Average:       7   42.35    0.00    7.65    0.00    0.00    0.00    0.00    0.00   50.00
Average:       2   46.50    0.00    8.00    0.00    0.00    0.00    0.00    0.00   45.50
Average:       3   38.19    0.00    5.53    0.00    0.00    0.00    0.00    0.00   56.28
Average:       4   22.96    0.00    8.67    0.00    0.00    0.00    0.00    0.00   68.37
Average:       5   16.92    0.00    4.48    0.00    0.00    0.00    0.50    0.00   78.11
Average:       6   34.17    0.00    4.52    0.00    0.00    0.00    0.00    0.00   61.31
Average:       7   37.50    0.00    5.00    0.00    0.00    0.00    0.00    0.00   57.50
Average:       2   22.34    0.00    8.12    0.00    0.00    0.00    0.00    0.00   69.54
Average:       3   30.15    0.00    8.04    0.50    0.00    0.00    0.00    0.00   61.31
Average:       4   16.33    0.00    3.57    0.00    0.00    0.00    0.00    0.00   80.10
Average:       5   46.23    0.00    6.53    0.00    0.00    0.00    0.50    0.00   46.73
Average:       6   43.15    0.00    6.09    0.51    0.00    0.00    0.00    0.00   50.25
Average:       7   34.52    0.00    4.57    0.00    0.00    0.00    0.00    0.00   60.91
Average:       2   60.61    0.00   10.10    0.00    0.00    0.00    0.51    0.00   28.79
Average:       3   32.32    0.00    5.56    0.00    0.00    0.00    0.00    0.00   62.12
Average:       4   26.77    0.00    5.05    0.00    0.00    0.00    0.51    0.00   67.68
Average:       5   63.64    0.00    5.56    0.00    0.00    0.00    0.00    0.00   30.81
Average:       6   21.21    0.00    5.56    0.00    0.00    0.00    0.00    0.00   73.23
Average:       7   25.50    0.00    3.00    0.00    0.00    0.00    0.50    0.00   71.00
Average:       2   57.21    0.00    6.97    0.00    0.00    0.00    0.00    0.00   35.82
Average:       3   17.17    0.00    5.05    0.00    0.00    0.00    0.00    0.00   77.78
Average:       4   51.00    0.00    5.00    0.00    0.00    0.00    0.50    0.00   43.50
Average:       5   40.59    0.00    4.95    0.00    0.00    0.00    0.50    0.00   53.96
Average:       6   21.94    0.00    6.12    0.00    0.00    0.00    0.00    0.00   71.94
Average:       7   22.84    0.00    7.61    0.00    0.00    0.00    0.00    0.00   69.54
Average:       2   43.43    0.00    7.58    0.00    0.00    0.00    0.00    0.00   48.99
Average:       3   29.29    0.00    4.04    0.00    0.00    0.00    0.00    0.00   66.67
Average:       4   53.50    0.00    5.00    0.00    0.00    0.00    0.50    0.00   41.00
Average:       5   50.51    0.00    5.56    0.00    0.00    0.00    0.00    0.00   43.94
Average:       6   30.00    0.00    4.00    0.00    0.00    0.00    0.50    0.00   65.50
Average:       7   22.11    0.00    3.52    0.00    0.00    0.00    0.50    0.00   73.87
Average:       2   40.70    0.00    5.03    0.00    0.00    0.00    0.50    0.00   53.77
Average:       3   51.76    0.00    5.53    0.00    0.00    0.00    0.50    0.00   42.21
Average:       4   34.52    0.00    6.09    0.00    0.00    0.00    0.00    0.00   59.39
Average:       5   31.47    0.00    2.54    0.00    0.00    0.00    0.00    0.00   65.99
Average:       6   27.92    0.00    7.11    0.00    0.00    0.00    0.00    0.00   64.97
Average:       7   15.08    0.00    3.02    0.00    0.00    0.00    0.00    0.00   81.91
Average:       2   26.13    0.00    8.04    0.00    0.00    0.00    0.50    0.00   65.33
Average:       3   33.50    0.00    7.00    0.00    0.00    0.00    0.50    0.00   59.00
Average:       4   34.34    0.00    6.06    0.00    0.00    0.00    0.00    0.00   59.60
Average:       5   49.75    0.00    7.96    0.00    0.00    0.00    0.50    0.00   41.79
Average:       6   21.89    0.00    4.98    0.00    0.00    0.00    0.50    0.00   72.64
Average:       7   27.78    0.00    3.03    0.00    0.00    0.00    0.00    0.00   69.19
Average:       2   37.06    0.00    4.06    0.00    0.00    0.00    0.00    0.00   58.88
Average:       3   25.38    0.00    4.57    0.00    0.00    0.00    0.00    0.00   70.05
Average:       4   30.96    0.00    5.08    0.00    0.00    0.00    0.00    0.00   63.96
Average:       5   28.43    0.00    5.08    0.00    0.00    0.00    0.00    0.00   66.50
Average:       6   47.50    0.00    7.00    0.00    0.00    0.50    0.00    0.00   45.00
Average:       7   26.13    0.00    8.54    0.00    0.00    0.00    0.00    0.00   65.33
Average:       2   25.63    0.00    4.02    0.00    0.00    0.00    0.50    0.00   69.85
Average:       3   15.00    0.00    4.50    0.00    0.00    0.00    0.50    0.00   80.00
Average:       4   20.71    0.00    7.58    0.51    0.00    0.00    0.00    0.00   71.21
Average:       5   29.29    0.00    5.05    0.00    0.00    0.00    0.00    0.00   65.66
Average:       6   27.50    0.00    6.00    0.00    0.00    0.00    0.50    0.00   66.00
Average:       7   47.50    0.00    6.00    0.00    0.00    0.00    0.50    0.00   46.00
Average:       2   33.50    0.00    4.57    0.00    0.00    0.00    0.00    0.00   61.93
Average:       3   39.59    0.00    5.58    0.00    0.00    0.00    0.00    0.00   54.82
Average:       4   21.94    0.00    4.08    0.00    0.00    0.00    0.00    0.00   73.98
Average:       5   23.35    0.00    2.54    0.00    0.00    0.00    0.00    0.00   74.11
Average:       6   30.46    0.00    8.63    0.00    0.00    0.00    0.51    0.00   60.41
Average:       7   30.46    0.00    3.55    0.00    0.00    0.00    0.00    0.00   65.99
Average:       2   38.19    0.00    7.04    0.00    0.00    0.00    0.50    0.00   54.27
Average:       3   35.86    0.00    7.58    0.00    0.00    0.00    0.00    0.00   56.57
Average:       4   24.37    0.00    2.03    0.00    0.00    0.00    0.51    0.00   73.10
Average:       5   43.28    0.00    4.98    0.00    0.00    0.00    0.50    0.00   51.24
Average:       6   15.82    0.00    6.12    0.00    0.00    0.00    0.00    0.00   78.06
Average:       7   16.58    0.00    3.02    0.00    0.00    0.00    0.00    0.00   80.40
