Average:       2    4.57    0.00   59.39    0.00    0.00    0.00    0.00    0.00    0.00   36.04
Average:       3    5.03    0.00   57.79    0.00    0.00    0.00    0.00    0.00    0.00   37.19
Average:       4    5.00    0.00    3.00    0.50    0.00    0.00    0.00    0.00    0.00   91.50
Average:       5    0.50    0.00    0.50    0.00    0.00    0.00    0.00    0.00    0.00   98.99
Average:       6    0.00    0.00    0.50    0.00    0.00    0.00    0.00    0.00    0.00   99.50
Average:       7    0.00    0.00    0.50    0.00    0.00    0.00    0.00    0.00    0.00   99.50
Average:       2    0.00    0.00    0.00    0.00    0.00    0.00    0.00    0.00    0.00  100.00
Average:       3   99.50    0.00    0.50    0.00    0.00    0.00    0.00    0.00    0.00    0.00
Average:       4    0.00    0.00    0.00    0.00    0.00    0.00    0.00    0.00    0.00  100.00
Average:       5    0.00    0.00    0.00    0.00    0.00    0.00    0.00    0.00    0.00  100.00
Average:       6    0.00    0.00    0.00    0.00    0.00    0.00    0.00    0.00    0.00  100.00
Average:       7    0.00    0.00    0.00    0.00    0.00    0.00    0.00    0.00    0.00  100.00
Average:       2    0.00    0.00    0.00    0.00    0.00    0.00    0.00    0.00    0.00  100.00
Average:       3  100.00    0.00    0.00    0.00    0.00    0.00    0.00    0.00    0.00    0.00
Average:       4    0.00    0.00    0.00    0.00    0.00    0.00    0.00    0.00    0.00  100.00
Average:       5    0.00    0.00    0.00    0.00    0.00    0.00    0.00    0.00    0.00  100.00
Average:       6    0.00    0.00    0.00    0.00    0.00    0.00    0.00    0.00    0.00  100.00
Average:       7    0.00    0.00    0.00    0.00    0.00    0.00    0.00    0.00    0.00  100.00
Average:       2    0.00    0.00    0.00    0.00    0.00    0.00    0.00    0.00    0.00  100.00
Average:       3   16.00    0.00    0.00    0.00    0.00    0.00    0.00    0.00    0.00   84.00
Average:       4    0.00    0.00    0.50    0.00    0.00    0.00    0.00    0.00    0.00   99.50
Average:       5    0.00    0.00    0.00    0.00    0.00    0.00    0.00    0.00    0.00  100.00
Average:       6    0.00    0.00    0.00    0.00    0.00    0.00    0.00    0.00    0.00  100.00
Average:       7    1.00    0.00    0.00    0.00    0.00    0.00    0.00    0.00    0.00   99.00
Average:       2    0.00    0.00    0.50    0.00    0.00    0.00    0.00    0.00    0.00   99.50
Average:       3    6.00    0.00    0.50    0.00    0.00    0.00    0.00    0.00    0.00   93.50
Average:       4   12.00    0.00    1.50    0.00    0.00    0.00    0.00    0.00    0.00   86.50
Average:       5    7.00    0.00    0.00    0.00    0.00    0.00    0.00    0.00    0.00   93.00
Average:       6    0.50    0.00    0.50    0.00    0.00    0.00    0.00    0.00    0.00   99.00
Average:       7    0.00    0.00    0.00    0.00    0.00    0.00    0.00    0.00    0.00  100.00
Average:       2   25.50    0.00    6.50    0.00    0.00    0.00    0.00    0.00    0.00   68.00
Average:       3   12.56    0.00    1.51    0.00    0.00    0.00    0.00    0.00    0.00   85.93
Average:       4   58.79    0.00    5.03    0.00    0.00    0.00    0.00    0.00    0.00   36.18
Average:       5   65.50    0.00   15.00    0.00    0.00    0.00    0.00    0.00    0.00   19.50
Average:       6   59.30    0.00   16.08    0.00    0.00    0.00    0.00    0.00    0.00   24.62
Average:       7   37.69    0.00    1.51    0.00    0.00    0.00    0.00    0.00    0.00   60.80
Average:       2   32.84    0.00    4.48    0.00    0.00    0.00    0.50    0.00    0.00   62.19
Average:       3   22.22    0.00    1.01    0.00    0.00    0.00    0.00    0.00    0.00   76.77
Average:       4   20.20    0.00    3.54    0.00    0.00    0.00    0.00    0.00    0.00   76.26
Average:       5   50.50    0.00    7.50    0.00    0.00    0.00    0.00    0.00    0.00   42.00
Average:       6   50.00    0.00    2.00    0.00    0.00    0.00    0.00    0.00    0.00   48.00
Average:       7   29.65    0.00    0.50    0.00    0.00    0.00    0.00    0.00    0.00   69.85
Average:       2   38.69    0.00    0.00    0.00    0.00    0.00    0.00    0.00    0.00   61.31
Average:       3    0.00    0.00    4.02    0.00    0.00    0.00    0.00    0.00    0.00   95.98
Average:       4   36.18    0.00    1.01    0.00    0.00    0.00    0.00    0.00    0.00   62.81
Average:       5    0.00    0.00    0.00    0.00    0.00    0.00    0.00    0.00    0.00  100.00
Average:       6   37.31    0.00    1.99    0.00    0.00    0.00    0.00    0.00    0.00   60.70
Average:       7    0.00    0.00    0.00    0.00    0.00    0.00    0.00    0.00    0.00  100.00
