Average:       2    0.00    0.00    0.00    0.00    0.00    0.00    0.00    0.00  100.00
Average:       3    0.00    0.00    0.00    0.00    0.00    0.00    0.00    0.00  100.00
Average:       4    0.00    0.00    0.00    0.00    0.00    0.00    0.00    0.00  100.00
Average:       5    0.00    0.00    0.00    0.00    0.00    0.00    0.00    0.00  100.00
Average:       6    0.00    0.00    0.00    0.00    0.00    0.00    0.00    0.00  100.00
Average:       7    0.00    0.00    0.00    0.00    0.00    0.00    0.00    0.00  100.00
Average:       2    0.00    0.00    0.00    0.00    0.00    0.00    0.00    0.00  100.00
Average:       3    0.00    0.00    0.00    0.00    0.00    0.00    0.00    0.00  100.00
Average:       4    0.00    0.00    0.00    0.00    0.00    0.00    0.00    0.00  100.00
Average:       5    0.00    0.00    0.00    0.00    0.00    0.00    0.00    0.00  100.00
Average:       6    0.00    0.00    0.00    0.00    0.00    0.00    0.00    0.00  100.00
Average:       7    0.00    0.00    0.00    0.00    0.00    0.00    0.00    0.00  100.00
Average:       2    0.00    0.00    0.00    0.00    0.00    0.00    0.00    0.00  100.00
Average:       3    0.00    0.00    0.00    0.00    0.00    0.00    0.00    0.00  100.00
Average:       4    0.00    0.00    0.00    0.00    0.00    0.00    0.00    0.00  100.00
Average:       5    0.00    0.00    0.00    0.00    0.00    0.00    0.00    0.00  100.00
Average:       6    0.00    0.00    0.00    0.00    0.00    0.00    0.00    0.00  100.00
Average:       7    0.00    0.00    0.00    0.00    0.00    0.00    0.00    0.00  100.00
Average:       2    0.00    0.00    0.00    0.00    0.00    0.00    0.00    0.00  100.00
Average:       3    0.00    0.00    0.00    0.00    0.00    0.00    0.00    0.00  100.00
Average:       4    0.00    0.00    0.00    0.00    0.00    0.00    0.00    0.00  100.00
Average:       5    0.00    0.00    0.00    0.00    0.00    0.00    0.00    0.00  100.00
Average:       6    0.00    0.00    0.00    0.00    0.00    0.00    0.00    0.00  100.00
Average:       7    0.00    0.00    0.00    0.00    0.00    0.00    0.00    0.00  100.00
Average:       2    0.00    0.00    0.50    0.00    0.00    0.00    0.00    0.00   99.50
Average:       3    0.50    0.00    1.00    0.00    0.00    0.00    0.00    0.00   98.50
Average:       4    0.00    0.00    1.00    0.00    0.00    0.00    0.00    0.00   99.00
Average:       5    0.00    0.00    0.00    0.00    0.00    0.00    0.00    0.00  100.00
Average:       6    0.00    0.00    0.00    0.00    0.00    0.00    0.00    0.00  100.00
Average:       7    0.00    0.00    0.50    0.00    0.00    0.00    0.00    0.00   99.50
Average:       2    0.00    0.00    0.00    0.00    0.00    0.00    0.00    0.00  100.00
Average:       3    0.00    0.00    0.00    0.00    0.00    0.00    0.00    0.00  100.00
Average:       4    0.00    0.00    0.50    0.00    0.00    0.00    0.00    0.00   99.50
Average:       5    0.00    0.00    0.50    0.00    0.00    0.00    0.00    0.00   99.50
Average:       6    0.00    0.00    0.00    0.00    0.00    0.00    0.00    0.00  100.00
Average:       7    0.00    0.00    0.00    0.00    0.00    0.00    0.00    0.00  100.00
Average:       2    0.00    0.00    0.00    0.00    0.00    0.00    0.00    0.00  100.00
Average:       3    0.00    0.00    0.00    0.00    0.00    0.00    0.00    0.00  100.00
Average:       4    0.00    0.00    0.00    0.00    0.00    0.00    0.00    0.00  100.00
Average:       5    0.00    0.00    0.00    0.00    0.00    0.00    0.00    0.00  100.00
Average:       6    0.00    0.00    0.00    0.00    0.00    0.00    0.00    0.00  100.00
Average:       7    0.00    0.00    0.00    0.00    0.00    0.00    0.00    0.00  100.00
Average:       2    0.00    0.00    0.00    0.00    0.00    0.00    0.00    0.00  100.00
Average:       3    0.00    0.00    0.00    0.00    0.00    0.00    0.00    0.00  100.00
Average:       4    0.00    0.00    0.00    0.00    0.00    0.00    0.00    0.00  100.00
Average:       5    0.00    0.00    0.00    0.00    0.00    0.00    0.00    0.00  100.00
Average:       6    0.00    0.00    0.50    0.00    0.00    0.00    0.00    0.00   99.50
Average:       7    0.00    0.00    0.00    0.00    0.00    0.00    0.00    0.00  100.00
Average:       2    0.00    0.00    0.00    0.00    0.00    0.00    0.00    0.00  100.00
Average:       3    0.00    0.00    0.00    0.00    0.00    0.00    0.00    0.00  100.00
Average:       4    0.00    0.00    0.00    0.00    0.00    0.00    0.00    0.00  100.00
Average:       5    0.00    0.00    0.00    0.00    0.00    0.00    0.00    0.00  100.00
Average:       6    0.00    0.00    0.00    0.00    0.00    0.00    0.00    0.00  100.00
Average:       7    0.00    0.00    0.50    0.00    0.00    0.00    0.00    0.00   99.50
Average:       2    0.50    0.00    0.00    0.00    0.00    0.00    0.00    0.00   99.50
Average:       3    0.00    0.00    0.00    0.00    0.00    0.00    0.00    0.00  100.00
Average:       4    0.00    0.00    0.00    0.00    0.00    0.00    0.00    0.00  100.00
Average:       5    0.00    0.00    0.00    0.00    0.00    0.00    0.00    0.00  100.00
Average:       6    0.00    0.00    0.00    0.00    0.00    0.00    0.00    0.00  100.00
Average:       7    0.00    0.00    0.00    0.00    0.00    0.00    0.00    0.00  100.00
Average:       2    0.00    0.00    0.00    0.00    0.00    0.00    0.00    0.00  100.00
Average:       3    0.00    0.00    0.00    0.00    0.00    0.00    0.00    0.00  100.00
Average:       4    0.00    0.00    0.00    0.00    0.00    0.00    0.00    0.00  100.00
Average:       5    0.00    0.00    0.00    0.00    0.00    0.00    0.00    0.00  100.00
Average:       6    0.00    0.00    0.00    0.00    0.00    0.00    0.00    0.00  100.00
Average:       7    0.00    0.00    0.00    0.00    0.00    0.00    0.00    0.00  100.00
Average:       2    0.00    0.00    0.00    0.00    0.00    0.00    0.00    0.00  100.00
Average:       3    0.00    0.00    0.00    0.00    0.00    0.00    0.00    0.00  100.00
Average:       4    0.00    0.00    0.00    0.00    0.00    0.00    0.00    0.00  100.00
Average:       5    0.00    0.00    0.50    0.00    0.00    0.00    0.00    0.00   99.50
Average:       6    0.00    0.00    0.00    0.00    0.00    0.00    0.00    0.00  100.00
Average:       7    0.00    0.00    0.00    0.00    0.00    0.00    0.00    0.00  100.00
Average:       2    0.00    0.00    0.00    0.00    0.00    0.00    0.00    0.00  100.00
Average:       3    0.00    0.00    0.00    0.00    0.00    0.00    0.00    0.00  100.00
Average:       4    0.00    0.00    0.50    0.00    0.00    0.00    0.00    0.00   99.50
Average:       5    0.00    0.00    0.00    0.00    0.00    0.00    0.00    0.00  100.00
Average:       6    0.00    0.00    0.00    0.00    0.00    0.00    0.00    0.00  100.00
Average:       7    0.00    0.00    0.00    0.00    0.00    0.00    0.00    0.00  100.00
Average:       2    0.00    0.00    0.00    0.00    0.00    0.00    0.00    0.00  100.00
Average:       3    0.00    0.00    0.00    0.00    0.00    0.00    0.00    0.00  100.00
Average:       4    0.00    0.00    0.00    0.00    0.00    0.00    0.00    0.00  100.00
Average:       5    0.00    0.00    0.00    0.00    0.00    0.00    0.00    0.00  100.00
Average:       6    0.00    0.00    0.00    0.00    0.00    0.00    0.00    0.00  100.00
Average:       7    0.00    0.00    0.00    0.00    0.00    0.00    0.00    0.00  100.00
Average:       2    0.00    0.00    0.00    0.00    0.00    0.00    0.00    0.00  100.00
Average:       3    0.00    0.00    0.00    0.00    0.00    0.00    0.00    0.00  100.00
Average:       4    0.00    0.00    0.00    0.00    0.00    0.00    0.00    0.00  100.00
Average:       5    0.00    0.00    0.00    0.00    0.00    0.00    0.00    0.00  100.00
Average:       6    0.00    0.00    0.00    0.00    0.00    0.00    0.00    0.00  100.00
Average:       7    0.00    0.00    0.00    0.00    0.00    0.00    0.00    0.00  100.00
Average:       2    0.00    0.00    0.00    0.00    0.00    0.00    0.00    0.00  100.00
Average:       3    0.00    0.00    0.00    0.00    0.00    0.00    0.00    0.00  100.00
Average:       4    0.00    0.00    0.00    0.00    0.00    0.00    0.00    0.00  100.00
Average:       5    0.00    0.00    0.00    0.00    0.00    0.00    0.00    0.00  100.00
Average:       6    0.50    0.00    0.00    0.00    0.00    0.00    0.00    0.00   99.50
Average:       7    0.00    0.00    0.00    0.00    0.00    0.00    0.00    0.00  100.00
Average:       2    0.00    0.00    0.00    0.00    0.00    0.00    0.00    0.00  100.00
Average:       3    0.00    0.00    0.00    0.00    0.00    0.00    0.00    0.00  100.00
Average:       4    0.00    0.00    0.00    0.00    0.00    0.00    0.00    0.00  100.00
Average:       5    0.00    0.00    0.00    0.00    0.00    0.00    0.00    0.00  100.00
Average:       6    0.00    0.00    0.00    0.00    0.00    0.00    0.00    0.00  100.00
Average:       7    0.00    0.00    0.00    0.00    0.00    0.00    0.00    0.00  100.00
Average:       2    0.00    0.00    0.00    0.00    0.00    0.00    0.00    0.00  100.00
Average:       3    0.00    0.00    0.00    2.01    0.00    0.00    0.00    0.00   97.99
Average:       4    0.00    0.00    0.00    0.00    0.00    0.00    0.00    0.00  100.00
Average:       5    0.00    0.00    0.00    0.00    0.00    0.00    0.00    0.00  100.00
Average:       6    0.00    0.00    0.00    0.00    0.00    0.00    0.00    0.00  100.00
Average:       7    0.00    0.00    0.50    0.50    0.00    0.00    0.00    0.00   99.00
Average:       2    0.00    0.00    0.00    0.00    0.00    0.00    0.00    0.00  100.00
Average:       3    0.50    0.00    0.50    0.00    0.00    0.00    0.00    0.00   99.00
Average:       4    0.00    0.00    0.00    0.00    0.00    0.00    0.50    0.00   99.50
Average:       5    0.00    0.00    0.00    0.00    0.00    0.00    0.00    0.00  100.00
Average:       6    0.00    0.00    0.00    0.00    0.00    0.00    0.00    0.00  100.00
Average:       7    0.00    0.00    0.00    0.00    0.00    0.00    0.00    0.00  100.00
Average:       2    0.00    0.00    0.00    0.00    0.00    0.00    0.00    0.00  100.00
Average:       3    0.00    0.00    0.00    0.00    0.00    0.00    0.00    0.00  100.00
Average:       4    0.00    0.00    0.50    0.00    0.00    0.00    0.00    0.00   99.50
Average:       5    0.00    0.00    0.00    0.00    0.00    0.00    0.00    0.00  100.00
Average:       6    0.00    0.00    0.00    0.00    0.00    0.00    0.00    0.00  100.00
Average:       7    0.00    0.00    0.00    0.00    0.00    0.00    0.00    0.00  100.00
Average:       2    0.00    0.00    0.00    0.00    0.00    0.00    0.00    0.00  100.00
Average:       3    0.00    0.00    0.00    0.00    0.00    0.00    0.00    0.00  100.00
Average:       4    0.00    0.00    0.00    0.00    0.00    0.00    0.00    0.00  100.00
Average:       5    0.00    0.00    0.00    0.00    0.00    0.00    0.00    0.00  100.00
Average:       6    0.00    0.00    0.00    0.00    0.00    0.00    0.00    0.00  100.00
Average:       7    0.00    0.00    0.00    0.00    0.00    0.00    0.00    0.00  100.00
Average:       2    0.00    0.00    0.00    0.00    0.00    0.00    0.00    0.00  100.00
Average:       3    0.00    0.00    0.00    0.00    0.00    0.00    0.00    0.00  100.00
Average:       4    0.00    0.00    0.00    0.00    0.00    0.00    0.00    0.00  100.00
Average:       5    0.00    0.00    0.00    0.00    0.00    0.00    0.00    0.00  100.00
Average:       6    0.50    0.00    0.00    0.00    0.00    0.00    0.00    0.00   99.50
Average:       7    0.00    0.00    0.00    0.00    0.00    0.00    0.00    0.00  100.00
Average:       2    0.00    0.00    0.00    0.00    0.00    0.00    0.00    0.00  100.00
Average:       3    0.00    0.00    0.00    0.00    0.00    0.00    0.00    0.00  100.00
Average:       4    0.00    0.00    0.00    0.00    0.00    0.00    0.00    0.00  100.00
Average:       5    0.00    0.00    0.00    0.00    0.00    0.00    0.00    0.00  100.00
Average:       6    0.00    0.00    0.00    0.00    0.00    0.00    0.00    0.00  100.00
Average:       7    0.00    0.00    0.00    0.00    0.00    0.00    0.00    0.00  100.00
Average:       2    0.00    0.00    0.00    0.00    0.00    0.00    0.00    0.00  100.00
Average:       3    0.00    0.00    0.00    0.00    0.00    0.00    0.00    0.00  100.00
Average:       4    0.00    0.00    0.00    0.00    0.00    0.00    0.00    0.00  100.00
Average:       5    0.00    0.00    0.00    0.00    0.00    0.00    0.00    0.00  100.00
Average:       6    0.00    0.00    0.00    0.00    0.00    0.00    0.00    0.00  100.00
Average:       7    0.00    0.00    0.00    0.00    0.00    0.00    0.00    0.00  100.00
Average:       2    0.00    0.00    0.00    0.00    0.00    0.00    0.00    0.00  100.00
Average:       3    0.00    0.00    0.00    0.00    0.00    0.00    0.00    0.00  100.00
Average:       4    0.00    0.00    0.00    0.00    0.00    0.00    0.00    0.00  100.00
Average:       5    0.00    0.00    0.00    0.00    0.00    0.00    0.00    0.00  100.00
Average:       6    0.00    0.00    0.00    0.00    0.00    0.00    0.00    0.00  100.00
Average:       7    0.00    0.00    0.00    0.00    0.00    0.00    0.00    0.00  100.00
Average:       2    0.00    0.00    0.00    0.00    0.00    0.00    0.00    0.00  100.00
Average:       3    0.00    0.00    0.00    0.00    0.00    0.00    0.00    0.00  100.00
Average:       4    0.00    0.00    0.00    0.00    0.00    0.00    0.00    0.00  100.00
Average:       5    0.00    0.00    0.00    0.00    0.00    0.00    0.00    0.00  100.00
Average:       6    0.00    0.00    0.00    0.00    0.00    0.00    0.00    0.00  100.00
Average:       7    0.00    0.00    0.00    0.00    0.00    0.00    0.00    0.00  100.00
Average:       2    0.00    0.00    0.00    0.00    0.00    0.00    0.00    0.00  100.00
Average:       3    0.00    0.00    0.00    0.00    0.00    0.00    0.00    0.00  100.00
Average:       4    0.00    0.00    0.00    0.00    0.00    0.00    0.00    0.00  100.00
Average:       5    0.00    0.00    0.00    0.00    0.00    0.00    0.00    0.00  100.00
Average:       6    0.00    0.00    0.00    0.00    0.00    0.00    0.00    0.00  100.00
Average:       7    0.00    0.00    0.00    0.00    0.00    0.00    0.00    0.00  100.00
Average:       2    0.00    0.00    0.00    0.00    0.00    0.00    0.00    0.00  100.00
Average:       3    0.00    0.00    0.00    0.00    0.00    0.00    0.00    0.00  100.00
Average:       4    0.50    0.00    0.00    0.00    0.00    0.00    0.00    0.00   99.50
Average:       5    0.00    0.00    0.00    0.00    0.00    0.00    0.00    0.00  100.00
Average:       6    0.00    0.00    0.00    0.00    0.00    0.00    0.00    0.00  100.00
Average:       7    0.00    0.00    0.00    0.00    0.00    0.00    0.00    0.00  100.00
Average:       2    0.00    0.00    0.00    0.00    0.00    0.00    0.00    0.00  100.00
Average:       3    0.00    0.00    0.00    0.00    0.00    0.00    0.00    0.00  100.00
Average:       4    0.00    0.00    0.00    0.00    0.00    0.00    0.00    0.00  100.00
Average:       5    0.00    0.00    0.00    0.00    0.00    0.00    0.00    0.00  100.00
Average:       6    0.00    0.00    0.00    0.00    0.00    0.00    0.00    0.00  100.00
Average:       7    0.00    0.00    0.00    0.00    0.00    0.00    0.00    0.00  100.00
Average:       2    0.00    0.00    0.00    0.00    0.00    0.00    0.00    0.00  100.00
Average:       3    0.00    0.00    0.00    0.00    0.00    0.00    0.00    0.00  100.00
Average:       4    0.00    0.00    0.00    0.00    0.00    0.00    0.00    0.00  100.00
Average:       5    0.00    0.00    0.00    0.00    0.00    0.00    0.00    0.00  100.00
Average:       6    0.00    0.00    0.00    0.00    0.00    0.00    0.00    0.00  100.00
Average:       7    0.00    0.00    0.00    0.00    0.00    0.00    0.00    0.00  100.00
Average:       2    0.00    0.00    0.00    0.00    0.00    0.00    0.00    0.00  100.00
Average:       3    0.00    0.00    0.00    0.00    0.00    0.00    0.00    0.00  100.00
Average:       4    0.00    0.00    0.00    0.00    0.00    0.00    0.00    0.00  100.00
Average:       5    0.00    0.00    0.00    0.00    0.00    0.00    0.00    0.00  100.00
Average:       6    0.00    0.00    0.00    0.00    0.00    0.00    0.00    0.00  100.00
Average:       7    0.00    0.00    0.00    0.00    0.00    0.00    0.00    0.00  100.00
Average:       2    0.00    0.00    0.00    0.00    0.00    0.00    0.00    0.00  100.00
Average:       3    0.00    0.00    0.00    0.00    0.00    0.00    0.00    0.00  100.00
Average:       4    0.00    0.00    0.00    0.00    0.00    0.00    0.00    0.00  100.00
Average:       5    0.00    0.00    0.00    0.00    0.00    0.00    0.00    0.00  100.00
Average:       6    0.00    0.00    0.50    0.00    0.00    0.00    0.00    0.00   99.50
Average:       7    0.00    0.00    0.00    0.00    0.00    0.00    0.00    0.00  100.00
Average:       2    0.00    0.00    0.00    0.00    0.00    0.00    0.00    0.00  100.00
Average:       3    0.00    0.00    0.00    0.00    0.00    0.00    0.00    0.00  100.00
Average:       4    0.00    0.00    0.00    0.00    0.00    0.00    0.00    0.00  100.00
Average:       5    0.00    0.00    0.00    0.00    0.00    0.00    0.00    0.00  100.00
Average:       6    0.00    0.00    0.00    0.00    0.00    0.00    0.00    0.00  100.00
Average:       7    0.00    0.00    0.00    0.00    0.00    0.00    0.00    0.00  100.00
Average:       2    0.00    0.00    0.00    0.00    0.00    0.00    0.00    0.00  100.00
Average:       3    0.00    0.00    0.00    0.00    0.00    0.00    0.00    0.00  100.00
Average:       4    0.00    0.00    0.00    0.00    0.00    0.00    0.00    0.00  100.00
Average:       5    0.00    0.00    0.00    0.00    0.00    0.00    0.00    0.00  100.00
Average:       6    0.00    0.00    0.00    0.00    0.00    0.00    0.00    0.00  100.00
Average:       7    0.00    0.00    0.00    0.00    0.00    0.00    0.00    0.00  100.00
Average:       2    0.00    0.00    1.00   10.50    0.00    0.00    0.00    0.00   88.50
Average:       3    0.00    0.00    0.00    1.00    0.00    0.00    0.00    0.00   99.00
Average:       4    0.50    0.00    1.00    2.49    0.00    0.00    0.00    0.00   96.02
Average:       5    0.00    0.00    0.00    0.00    0.00    0.00    0.00    0.00  100.00
Average:       6    0.00    0.00    0.50    0.50    0.00    0.00    0.00    0.00   99.00
Average:       7    0.00    0.00    0.00    0.00    0.00    0.00    0.00    0.00  100.00
Average:       2    0.00    0.00    0.50    0.00    0.00    0.00    0.00    0.00   99.50
Average:       3    0.00    0.00    0.00    0.00    0.00    0.00    0.00    0.00  100.00
Average:       4    0.00    0.00    0.00    0.00    0.00    0.00    0.00    0.00  100.00
Average:       5    0.00    0.00    0.00    0.00    0.00    0.00    0.00    0.00  100.00
Average:       6    0.00    0.00    0.00    0.00    0.00    0.00    0.00    0.00  100.00
Average:       7    0.00    0.00    0.00    0.00    0.00    0.00    0.00    0.00  100.00
Average:       2    0.00    0.00    0.00    0.00    0.00    0.00    0.00    0.00  100.00
Average:       3    0.00    0.00    0.00    0.00    0.00    0.00    0.00    0.00  100.00
Average:       4    0.00    0.00    0.00    0.00    0.00    0.00    0.00    0.00  100.00
Average:       5    0.00    0.00    0.00    0.00    0.00    0.00    0.00    0.00  100.00
Average:       6    0.00    0.00    0.00    0.00    0.00    0.00    0.00    0.00  100.00
Average:       7    0.00    0.00    0.50    0.00    0.00    0.00    0.50    0.00   99.00
Average:       2    0.00    0.00    0.00    0.00    0.00    0.00    0.00    0.00  100.00
Average:       3    0.00    0.00    0.00    0.00    0.00    0.00    0.00    0.00  100.00
Average:       4    0.00    0.00    0.00    0.00    0.00    0.00    0.00    0.00  100.00
Average:       5    0.00    0.00    0.00    0.00    0.00    0.00    0.00    0.00  100.00
Average:       6    0.00    0.00    0.00    0.00    0.00    0.00    0.00    0.00  100.00
Average:       7    0.00    0.00    0.00    0.00    0.00    0.00    0.00    0.00  100.00
Average:       2    0.00    0.00    0.00    0.00    0.00    0.00    0.00    0.00  100.00
Average:       3    0.00    0.00    0.00    0.00    0.00    0.00    0.00    0.00  100.00
Average:       4    0.00    0.00    0.00    0.00    0.00    0.00    0.00    0.00  100.00
Average:       5    0.00    0.00    0.00    0.00    0.00    0.00    0.00    0.00  100.00
Average:       6    0.00    0.00    0.00    0.00    0.00    0.00    0.00    0.00  100.00
Average:       7    0.00    0.00    0.00    0.00    0.00    0.00    0.00    0.00  100.00
Average:       2    0.00    0.00    0.00    0.00    0.00    0.00    0.00    0.00  100.00
Average:       3    0.00    0.00    0.00    0.00    0.00    0.00    0.00    0.00  100.00
Average:       4    0.00    0.00    0.00    0.00    0.00    0.00    0.00    0.00  100.00
Average:       5    0.00    0.00    0.00    0.00    0.00    0.00    0.00    0.00  100.00
Average:       6    0.00    0.00    0.00    0.00    0.00    0.00    0.00    0.00  100.00
Average:       7    0.00    0.00    0.00    0.00    0.00    0.00    0.00    0.00  100.00
Average:       2    0.00    0.00    0.00    0.00    0.00    0.00    0.00    0.00  100.00
Average:       3    0.00    0.00    0.00    0.00    0.00    0.00    0.00    0.00  100.00
Average:       4    0.00    0.00    0.00    0.00    0.00    0.00    0.00    0.00  100.00
Average:       5    0.00    0.00    0.00    0.00    0.00    0.00    0.00    0.00  100.00
Average:       6    0.00    0.00    0.00    0.00    0.00    0.00    0.00    0.00  100.00
Average:       7    0.00    0.00    0.00    0.00    0.00    0.00    0.00    0.00  100.00
Average:       2    0.00    0.00    0.00    0.00    0.00    0.00    0.00    0.00  100.00
Average:       3    0.00    0.00    0.00    0.00    0.00    0.00    0.00    0.00  100.00
Average:       4    0.00    0.00    0.00    0.00    0.00    0.00    0.00    0.00  100.00
Average:       5    0.00    0.00    0.00    0.00    0.00    0.00    0.00    0.00  100.00
Average:       6    0.00    0.00    0.00    0.00    0.00    0.00    0.00    0.00  100.00
Average:       7    0.00    0.00    0.00    0.00    0.00    0.00    0.00    0.00  100.00
Average:       2    0.00    0.00    0.00    0.00    0.00    0.00    0.00    0.00  100.00
Average:       3    0.00    0.00    0.00    0.00    0.00    0.00    0.00    0.00  100.00
Average:       4    0.00    0.00    0.00    0.00    0.00    0.00    0.00    0.00  100.00
Average:       5    0.00    0.00    0.00    0.00    0.00    0.00    0.00    0.00  100.00
Average:       6    0.00    0.00    0.00    0.00    0.00    0.00    0.00    0.00  100.00
Average:       7    0.00    0.00    0.00    0.00    0.00    0.00    0.00    0.00  100.00
Average:       2    0.00    0.00    0.00    0.00    0.00    0.00    0.00    0.00  100.00
Average:       3    0.00    0.00    0.00    0.00    0.00    0.00    0.00    0.00  100.00
Average:       4    0.00    0.00    0.00    0.00    0.00    0.00    0.00    0.00  100.00
Average:       5    0.00    0.00    0.00    0.00    0.00    0.00    0.00    0.00  100.00
Average:       6    0.00    0.00    0.00    0.00    0.00    0.00    0.00    0.00  100.00
Average:       7    0.00    0.00    0.00    0.00    0.00    0.00    0.00    0.00  100.00
Average:       2    0.00    0.00    0.00    0.00    0.00    0.00    0.00    0.00  100.00
Average:       3    0.00    0.00    0.00    0.00    0.00    0.00    0.00    0.00  100.00
Average:       4    0.00    0.00    0.00    0.00    0.00    0.00    0.00    0.00  100.00
Average:       5    0.00    0.00    0.00    0.00    0.00    0.00    0.00    0.00  100.00
Average:       6    0.00    0.00    0.00    0.00    0.00    0.00    0.00    0.00  100.00
Average:       7    0.00    0.00    0.00    0.00    0.00    0.00    0.00    0.00  100.00
Average:       2    0.00    0.00    0.00    0.00    0.00    0.00    0.00    0.00  100.00
Average:       3    0.00    0.00    0.00    0.00    0.00    0.00    0.00    0.00  100.00
Average:       4    0.00    0.00    0.00    0.00    0.00    0.00    0.00    0.00  100.00
Average:       5    0.00    0.00    0.00    0.00    0.00    0.00    0.00    0.00  100.00
Average:       6    0.00    0.00    0.00    0.00    0.00    0.00    0.00    0.00  100.00
Average:       7    0.00    0.00    0.00    0.00    0.00    0.00    0.00    0.00  100.00
Average:       2    0.00    0.00    0.00    0.00    0.00    0.00    0.00    0.00  100.00
Average:       3    0.00    0.00    0.00    0.00    0.00    0.00    0.00    0.00  100.00
Average:       4    0.00    0.00    0.00    0.00    0.00    0.00    0.00    0.00  100.00
Average:       5    0.00    0.00    0.00    0.00    0.00    0.00    0.00    0.00  100.00
Average:       6    0.00    0.00    0.00    0.00    0.00    0.00    0.00    0.00  100.00
Average:       7    0.00    0.00    0.00    0.00    0.00    0.00    0.00    0.00  100.00
Average:       2    0.50    0.00    0.00    0.00    0.00    0.00    0.00    0.00   99.50
Average:       3    0.00    0.00    0.00    0.00    0.00    0.00    0.00    0.00  100.00
Average:       4    0.00    0.00    0.00    0.00    0.00    0.00    0.00    0.00  100.00
Average:       5    0.00    0.00    0.00    0.00    0.00    0.00    0.00    0.00  100.00
Average:       6    0.00    0.00    0.00    0.00    0.00    0.00    0.00    0.00  100.00
Average:       7    0.00    0.00    0.00    0.00    0.00    0.00    0.00    0.00  100.00
Average:       2    0.00    0.00    0.00    0.00    0.00    0.00    0.00    0.00  100.00
Average:       3    0.00    0.00    0.00    0.00    0.00    0.00    0.00    0.00  100.00
Average:       4    0.00    0.00    0.00    0.00    0.00    0.00    0.00    0.00  100.00
Average:       5    0.00    0.00    0.00    0.00    0.00    0.00    0.00    0.00  100.00
Average:       6    0.00    0.00    0.00    0.00    0.00    0.00    0.00    0.00  100.00
Average:       7    0.00    0.00    0.00    0.00    0.00    0.00    0.00    0.00  100.00
Average:       2    0.00    0.00    0.00    0.00    0.00    0.00    0.00    0.00  100.00
Average:       3    0.00    0.00    0.00    0.00    0.00    0.00    0.00    0.00  100.00
Average:       4    0.00    0.00    0.00    0.00    0.00    0.00    0.00    0.00  100.00
Average:       5    0.00    0.00    0.00    0.00    0.00    0.00    0.00    0.00  100.00
Average:       6    0.00    0.00    0.00    0.00    0.00    0.00    0.00    0.00  100.00
Average:       7    0.00    0.00    0.00    0.00    0.00    0.00    0.00    0.00  100.00
Average:       2    0.00    0.00    0.00    0.00    0.00    0.00    0.00    0.00  100.00
Average:       3    0.00    0.00    0.00    0.00    0.00    0.00    0.00    0.00  100.00
Average:       4    0.00    0.00    0.00    0.00    0.00    0.00    0.00    0.00  100.00
Average:       5    0.00    0.00    0.00    0.00    0.00    0.00    0.00    0.00  100.00
Average:       6    0.00    0.00    0.00    0.00    0.00    0.00    0.00    0.00  100.00
Average:       7    0.00    0.00    0.00    0.00    0.00    0.00    0.00    0.00  100.00
Average:       2    0.00    0.00    0.00    0.00    0.00    0.00    0.00    0.00  100.00
Average:       3    0.00    0.00    0.50    0.00    0.00    0.00    0.00    0.00   99.50
Average:       4    0.00    0.00    0.00    0.00    0.00    0.00    0.00    0.00  100.00
Average:       5    0.00    0.00    0.00    0.00    0.00    0.00    0.00    0.00  100.00
Average:       6    0.00    0.00    0.00    0.00    0.00    0.00    0.00    0.00  100.00
Average:       7    0.00    0.00    0.00    0.00    0.00    0.00    0.00    0.00  100.00
Average:       2    0.00    0.00    0.00    0.00    0.00    0.00    0.00    0.00  100.00
Average:       3    0.00    0.00    0.00    0.00    0.00    0.00    0.00    0.00  100.00
Average:       4    0.00    0.00    0.00    0.00    0.00    0.00    0.00    0.00  100.00
Average:       5    0.00    0.00    0.00    0.00    0.00    0.00    0.00    0.00  100.00
Average:       6    0.00    0.00    0.00    0.00    0.00    0.00    0.00    0.00  100.00
Average:       7    0.00    0.00    0.00    0.00    0.00    0.00    0.00    0.00  100.00
Average:       2    0.00    0.00    0.50    0.00    0.00    0.00    0.00    0.00   99.50
Average:       3    0.00    0.00    0.00    0.00    0.00    0.00    0.00    0.00  100.00
Average:       4    0.00    0.00    0.00    0.00    0.00    0.00    0.00    0.00  100.00
Average:       5    0.00    0.00    0.00    0.00    0.00    0.00    0.00    0.00  100.00
Average:       6    0.00    0.00    0.00    0.00    0.00    0.00    0.00    0.00  100.00
Average:       7    0.00    0.00    0.00    0.00    0.00    0.00    0.00    0.00  100.00
Average:       2    0.00    0.00    0.00    0.00    0.00    0.00    0.00    0.00  100.00
Average:       3    0.00    0.00    0.00    0.00    0.00    0.00    0.00    0.00  100.00
Average:       4    0.00    0.00    0.00    0.00    0.00    0.00    0.00    0.00  100.00
Average:       5    0.00    0.00    0.00    0.00    0.00    0.00    0.00    0.00  100.00
Average:       6    0.00    0.00    0.00    0.00    0.00    0.00    0.00    0.00  100.00
Average:       7    0.00    0.00    0.00    0.00    0.00    0.00    0.00    0.00  100.00
Average:       2    0.00    0.00    0.00    0.00    0.00    0.00    0.00    0.00  100.00
Average:       3    0.00    0.00    0.00    0.00    0.00    0.00    0.00    0.00  100.00
Average:       4    0.00    0.00    0.00    0.00    0.00    0.00    0.00    0.00  100.00
Average:       5    0.00    0.00    0.00    0.00    0.00    0.00    0.00    0.00  100.00
Average:       6    0.00    0.00    0.00    0.00    0.00    0.00    0.00    0.00  100.00
Average:       7    0.00    0.00    0.00    0.00    0.00    0.00    0.00    0.00  100.00
Average:       2    0.00    0.00    0.00    0.00    0.00    0.00    0.00    0.00  100.00
Average:       3    0.00    0.00    0.00    0.00    0.00    0.00    0.00    0.00  100.00
Average:       4    0.00    0.00    0.00    0.00    0.00    0.00    0.00    0.00  100.00
Average:       5    0.00    0.00    0.50    0.00    0.00    0.00    0.00    0.00   99.50
Average:       6    0.00    0.00    0.00    0.00    0.00    0.00    0.00    0.00  100.00
Average:       7    0.00    0.00    0.00    0.00    0.00    0.00    0.00    0.00  100.00
Average:       2    0.00    0.00    0.00    0.00    0.00    0.00    0.00    0.00  100.00
Average:       3    0.00    0.00    0.00    0.00    0.00    0.00    0.00    0.00  100.00
Average:       4    0.00    0.00    0.00    0.00    0.00    0.00    0.00    0.00  100.00
Average:       5    0.00    0.00    0.00    0.00    0.00    0.00    0.00    0.00  100.00
Average:       6    0.00    0.00    0.00    0.00    0.00    0.00    0.00    0.00  100.00
Average:       7    0.00    0.00    0.00    0.00    0.00    0.00    0.00    0.00  100.00
Average:       2    0.00    0.00    0.00    0.00    0.00    0.00    0.00    0.00  100.00
Average:       3    0.00    0.00    0.00    0.00    0.00    0.00    0.00    0.00  100.00
Average:       4    0.00    0.00    0.00    0.00    0.00    0.00    0.00    0.00  100.00
Average:       5    0.00    0.00    0.00    0.00    0.00    0.00    0.00    0.00  100.00
Average:       6    0.00    0.00    0.00    0.00    0.00    0.00    0.00    0.00  100.00
Average:       7    0.00    0.00    0.00    0.00    0.00    0.00    0.00    0.00  100.00
Average:       2    0.00    0.00    0.00    0.00    0.00    0.00    0.00    0.00  100.00
Average:       3    0.00    0.00    0.00    0.00    0.00    0.00    0.00    0.00  100.00
Average:       4    0.00    0.00    0.00    0.00    0.00    0.00    0.50    0.00   99.50
Average:       5    0.00    0.00    0.00    0.00    0.00    0.00    0.00    0.00  100.00
Average:       6    0.50    0.00    0.00    0.00    0.00    0.00    0.00    0.00   99.50
Average:       7    0.00    0.00    0.00    0.00    0.00    0.00    0.00    0.00  100.00
Average:       2    0.00    0.00    0.00    0.00    0.00    0.00    0.00    0.00  100.00
Average:       3    0.00    0.00    0.00    0.00    0.00    0.00    0.00    0.00  100.00
Average:       4    0.00    0.00    0.00    0.00    0.00    0.00    0.00    0.00  100.00
Average:       5    0.00    0.00    0.00    0.00    0.00    0.00    0.00    0.00  100.00
Average:       6    0.00    0.00    0.00    0.00    0.00    0.00    0.00    0.00  100.00
Average:       7    0.00    0.00    0.00    0.00    0.00    0.00    0.00    0.00  100.00
Average:       2    0.00    0.00    0.00    0.00    0.00    0.00    0.00    0.00  100.00
Average:       3    0.00    0.00    0.00    0.00    0.00    0.00    0.00    0.00  100.00
Average:       4    0.00    0.00    0.00    0.00    0.00    0.00    0.00    0.00  100.00
Average:       5    0.00    0.00    0.00    0.00    0.00    0.00    0.00    0.00  100.00
Average:       6    0.00    0.00    0.00    0.00    0.00    0.00    0.00    0.00  100.00
Average:       7    0.00    0.00    0.00    0.00    0.00    0.00    0.00    0.00  100.00
Average:       2    0.00    0.00    0.00    0.00    0.00    0.00    0.00    0.00  100.00
Average:       3    0.00    0.00    0.00    0.00    0.00    0.00    0.00    0.00  100.00
Average:       4    0.00    0.00    0.00    0.00    0.00    0.00    0.00    0.00  100.00
Average:       5    0.00    0.00    0.00    0.00    0.00    0.00    0.00    0.00  100.00
Average:       6    0.00    0.00    0.00    0.00    0.00    0.00    0.00    0.00  100.00
Average:       7    0.00    0.00    0.00    0.00    0.00    0.00    0.00    0.00  100.00
Average:       2    0.00    0.00    0.00    0.00    0.00    0.00    0.00    0.00  100.00
Average:       3    0.00    0.00    0.00    0.00    0.00    0.00    0.00    0.00  100.00
Average:       4    0.00    0.00    0.00    0.00    0.00    0.00    0.00    0.00  100.00
Average:       5    0.00    0.00    0.00    0.00    0.00    0.00    0.00    0.00  100.00
Average:       6    0.00    0.00    0.00    0.00    0.00    0.00    0.00    0.00  100.00
Average:       7    0.00    0.00    0.00    0.00    0.00    0.00    0.00    0.00  100.00
Average:       2    0.00    0.00    0.00    0.00    0.00    0.00    0.00    0.00  100.00
Average:       3    0.00    0.00    0.00    0.00    0.00    0.00    0.00    0.00  100.00
Average:       4    0.00    0.00    0.00    0.00    0.00    0.00    0.00    0.00  100.00
Average:       5    0.00    0.00    0.00    0.00    0.00    0.00    0.00    0.00  100.00
Average:       6    0.00    0.00    0.00    0.00    0.00    0.00    0.00    0.00  100.00
Average:       7    0.00    0.00    0.00    0.00    0.00    0.00    0.00    0.00  100.00
Average:       2    0.00    0.00    0.00    0.00    0.00    0.00    0.00    0.00  100.00
Average:       3    0.00    0.00    0.00    0.00    0.00    0.00    0.00    0.00  100.00
Average:       4    0.00    0.00    0.00    0.00    0.00    0.00    0.00    0.00  100.00
Average:       5    0.00    0.00    0.00    0.00    0.00    0.00    0.00    0.00  100.00
Average:       6    0.00    0.00    0.00    0.00    0.00    0.00    0.00    0.00  100.00
Average:       7    0.00    0.00    0.00    0.00    0.00    0.00    0.00    0.00  100.00
Average:       2    0.00    0.00    0.00    0.00    0.00    0.00    0.00    0.00  100.00
Average:       3    0.00    0.00    1.00    0.00    0.00    0.00    0.00    0.00   99.00
Average:       4    0.00    0.00    0.00    0.00    0.00    0.00    0.00    0.00  100.00
Average:       5    0.00    0.00    0.00    0.00    0.00    0.00    0.00    0.00  100.00
Average:       6    0.00    0.00    0.00    0.00    0.00    0.00    0.00    0.00  100.00
Average:       7    0.00    0.00    0.00    0.00    0.00    0.00    0.00    0.00  100.00
Average:       2    0.00    0.00    0.00    0.00    0.00    0.00    0.00    0.00  100.00
Average:       3    0.00    0.00    0.00    0.00    0.00    0.00    0.00    0.00  100.00
Average:       4    0.00    0.00    0.00    0.00    0.00    0.00    0.00    0.00  100.00
Average:       5    0.00    0.00    0.00    0.00    0.00    0.00    0.00    0.00  100.00
Average:       6    0.00    0.00    0.00    0.00    0.00    0.00    0.00    0.00  100.00
Average:       7    0.00    0.00    0.00    0.00    0.00    0.00    0.00    0.00  100.00
Average:       2    0.00    0.00    0.00    0.00    0.00    0.00    0.50    0.00   99.50
Average:       3    0.00    0.00    0.00    0.00    0.00    0.00    0.00    0.00  100.00
Average:       4    0.00    0.00    0.00    0.00    0.00    0.00    0.00    0.00  100.00
Average:       5    0.00    0.00    0.00    0.00    0.00    0.00    0.00    0.00  100.00
Average:       6    0.00    0.00    0.50    0.00    0.00    0.00    0.00    0.00   99.50
Average:       7    0.00    0.00    0.00    0.00    0.00    0.00    0.00    0.00  100.00
Average:       2    0.00    0.00    0.00    0.00    0.00    0.00    0.00    0.00  100.00
Average:       3    0.00    0.00    0.00    0.00    0.00    0.00    0.00    0.00  100.00
Average:       4    0.00    0.00    0.00    0.00    0.00    0.00    0.00    0.00  100.00
Average:       5    0.00    0.00    0.00    0.00    0.00    0.00    0.00    0.00  100.00
Average:       6    0.00    0.00    0.00    0.00    0.00    0.00    0.00    0.00  100.00
Average:       7    0.00    0.00    0.00    0.00    0.00    0.00    0.00    0.00  100.00
Average:       2    0.50    0.00    0.00    0.00    0.00    0.00    0.00    0.00   99.50
Average:       3    0.00    0.00    0.50    0.00    0.00    0.00    0.00    0.00   99.50
Average:       4    0.00    0.00    0.00    0.00    0.00    0.00    0.00    0.00  100.00
Average:       5    0.00    0.00    0.00    0.00    0.00    0.00    0.00    0.00  100.00
Average:       6    0.00    0.00    0.00    0.00    0.00    0.00    0.00    0.00  100.00
Average:       7    0.00    0.00    0.00    0.00    0.00    0.00    0.00    0.00  100.00
Average:       2    0.00    0.00    0.00    0.00    0.00    0.00    0.00    0.00  100.00
Average:       3    0.00    0.00    0.00    0.00    0.00    0.00    0.00    0.00  100.00
Average:       4    0.00    0.00    0.00    0.00    0.00    0.00    0.00    0.00  100.00
Average:       5    0.00    0.00    0.00    0.00    0.00    0.00    0.00    0.00  100.00
Average:       6    0.00    0.00    0.00    0.00    0.00    0.00    0.00    0.00  100.00
Average:       7    0.00    0.00    0.00    0.00    0.00    0.00    0.00    0.00  100.00
Average:       2    0.00    0.00    0.00    0.00    0.00    0.00    0.00    0.00  100.00
Average:       3    0.00    0.00    0.00    0.00    0.00    0.00    0.00    0.00  100.00
Average:       4    0.00    0.00    0.50    0.00    0.00    0.00    0.00    0.00   99.50
Average:       5    0.00    0.00    0.00    0.00    0.00    0.00    0.00    0.00  100.00
Average:       6    0.00    0.00    0.00    0.00    0.00    0.00    0.00    0.00  100.00
Average:       7    0.00    0.00    0.00    0.00    0.00    0.00    0.00    0.00  100.00
Average:       2    0.00    0.00    0.00    0.00    0.00    0.00    0.00    0.00  100.00
Average:       3    0.00    0.00    0.00    0.00    0.00    0.00    0.00    0.00  100.00
Average:       4    0.00    0.00    0.00    0.00    0.00    0.00    0.00    0.00  100.00
Average:       5    0.00    0.00    0.00    0.00    0.00    0.00    0.00    0.00  100.00
Average:       6    0.00    0.00    0.00    0.00    0.00    0.00    0.00    0.00  100.00
Average:       7    0.00    0.00    0.00    0.00    0.00    0.00    0.00    0.00  100.00
Average:       2    0.00    0.00    0.00    0.00    0.00    0.00    0.00    0.00  100.00
Average:       3    0.00    0.00    0.00    0.00    0.00    0.00    0.00    0.00  100.00
Average:       4    0.00    0.00    0.00    0.00    0.00    0.00    0.00    0.00  100.00
Average:       5    0.00    0.00    0.00    0.00    0.00    0.00    0.00    0.00  100.00
Average:       6    0.00    0.00    0.00    0.00    0.00    0.00    0.00    0.00  100.00
Average:       7    0.00    0.00    0.00    0.00    0.00    0.00    0.00    0.00  100.00
Average:       2    0.00    0.00    0.00    0.00    0.00    0.00    0.00    0.00  100.00
Average:       3    0.00    0.00    0.00    0.00    0.00    0.00    0.00    0.00  100.00
Average:       4    0.00    0.00    0.00    0.00    0.00    0.00    0.00    0.00  100.00
Average:       5    0.00    0.00    0.00    0.00    0.00    0.00    0.00    0.00  100.00
Average:       6    0.00    0.00    0.00    0.00    0.00    0.00    0.00    0.00  100.00
Average:       7    0.00    0.00    0.00    0.00    0.00    0.00    0.00    0.00  100.00
Average:       2    0.00    0.00    0.00    0.00    0.00    0.00    0.00    0.00  100.00
Average:       3    0.00    0.00    0.00    0.00    0.00    0.00    0.00    0.00  100.00
Average:       4    0.00    0.00    0.00    0.00    0.00    0.00    0.00    0.00  100.00
Average:       5    0.00    0.00    0.00    0.00    0.00    0.00    0.00    0.00  100.00
Average:       6    0.00    0.00    0.00    0.00    0.00    0.00    0.00    0.00  100.00
Average:       7    0.00    0.00    0.00    0.00    0.00    0.00    0.00    0.00  100.00
Average:       2    0.00    0.00    0.00    0.00    0.00    0.00    0.00    0.00  100.00
Average:       3    0.00    0.00    0.00    0.00    0.00    0.00    0.00    0.00  100.00
Average:       4    0.00    0.00    0.00    0.00    0.00    0.00    0.00    0.00  100.00
Average:       5    0.00    0.00    0.00    0.00    0.00    0.00    0.00    0.00  100.00
Average:       6    0.00    0.00    0.00    0.00    0.00    0.00    0.00    0.00  100.00
Average:       7    0.00    0.00    0.00    0.00    0.00    0.00    0.00    0.00  100.00
Average:       2    0.00    0.00    0.00    0.00    0.00    0.00    0.00    0.00  100.00
Average:       3    0.00    0.00    0.00    0.00    0.00    0.00    0.00    0.00  100.00
Average:       4    0.00    0.00    0.00    0.00    0.00    0.00    0.00    0.00  100.00
Average:       5    0.00    0.00    0.00    0.00    0.00    0.00    0.00    0.00  100.00
Average:       6    0.00    0.00    0.00    0.00    0.00    0.00    0.00    0.00  100.00
Average:       7    0.00    0.00    0.00    0.00    0.00    0.00    0.00    0.00  100.00
Average:       2    0.00    0.00    0.00    0.00    0.00    0.00    0.00    0.00  100.00
Average:       3    0.00    0.00    0.00    0.00    0.00    0.00    0.00    0.00  100.00
Average:       4    0.00    0.00    0.00    0.00    0.00    0.00    0.00    0.00  100.00
Average:       5    0.00    0.00    0.00    0.00    0.00    0.00    0.00    0.00  100.00
Average:       6    0.00    0.00    0.00    0.00    0.00    0.00    0.00    0.00  100.00
Average:       7    0.00    0.00    0.00    0.00    0.00    0.00    0.00    0.00  100.00
Average:       2    0.00    0.00    0.00    0.00    0.00    0.00    0.00    0.00  100.00
Average:       3    0.00    0.00    0.00    0.00    0.00    0.00    0.00    0.00  100.00
Average:       4    0.00    0.00    1.00    0.00    0.00    0.00    0.00    0.00   99.00
Average:       5    0.00    0.00    0.00    0.00    0.00    0.00    0.00    0.00  100.00
Average:       6    0.00    0.00    0.00    0.00    0.00    0.00    0.00    0.00  100.00
Average:       7    0.00    0.00    0.00    0.00    0.00    0.00    0.00    0.00  100.00
Average:       2    0.00    0.00    0.00    0.00    0.00    0.00    0.00    0.00  100.00
Average:       3    0.00    0.00    0.00    0.00    0.00    0.00    0.00    0.00  100.00
Average:       4    0.00    0.00    0.00    0.00    0.00    0.00    0.00    0.00  100.00
Average:       5    0.00    0.00    0.00    0.00    0.00    0.00    0.00    0.00  100.00
Average:       6    0.00    0.00    0.00    0.00    0.00    0.00    0.00    0.00  100.00
Average:       7    0.00    0.00    0.00    0.00    0.00    0.00    0.00    0.00  100.00
Average:       2    0.00    0.00    0.00    0.00    0.00    0.00    0.00    0.00  100.00
Average:       3    0.00    0.00    0.00    0.00    0.00    0.00    0.00    0.00  100.00
Average:       4    0.00    0.00    0.00    0.00    0.00    0.00    0.00    0.00  100.00
Average:       5    0.00    0.00    0.00    0.00    0.00    0.00    0.00    0.00  100.00
Average:       6    0.00    0.00    0.00    0.00    0.00    0.00    0.00    0.00  100.00
Average:       7    0.00    0.00    0.00    0.00    0.00    0.00    0.00    0.00  100.00
Average:       2    0.00    0.00    0.00    0.00    0.00    0.00    0.00    0.00  100.00
Average:       3    0.00    0.00    0.00    0.00    0.00    0.00    0.00    0.00  100.00
Average:       4    0.00    0.00    0.00    0.00    0.00    0.00    0.00    0.00  100.00
Average:       5    0.00    0.00    0.00    0.00    0.00    0.00    0.00    0.00  100.00
Average:       6    0.00    0.00    0.00    0.00    0.00    0.00    0.00    0.00  100.00
Average:       7    0.00    0.00    0.00    0.00    0.00    0.00    0.00    0.00  100.00
Average:       2    0.00    0.00    0.00    0.00    0.00    0.00    0.00    0.00  100.00
Average:       3    0.00    0.00    0.00    0.00    0.00    0.00    0.00    0.00  100.00
Average:       4    0.00    0.00    0.00    0.00    0.00    0.00    0.00    0.00  100.00
Average:       5    0.00    0.00    0.00    0.00    0.00    0.00    0.00    0.00  100.00
Average:       6    0.00    0.00    0.00    0.00    0.00    0.00    0.00    0.00  100.00
Average:       7    0.00    0.00    0.00    0.00    0.00    0.00    0.00    0.00  100.00
Average:       2    0.00    0.00    0.00    0.00    0.00    0.00    0.00    0.00  100.00
Average:       3    0.00    0.00    0.00    0.00    0.00    0.00    0.00    0.00  100.00
Average:       4    0.00    0.00    0.00    0.00    0.00    0.00    0.00    0.00  100.00
Average:       5    0.00    0.00    0.00    0.00    0.00    0.00    0.00    0.00  100.00
Average:       6    0.00    0.00    0.00    0.00    0.00    0.00    0.00    0.00  100.00
Average:       7    0.00    0.00    0.00    0.00    0.00    0.00    0.00    0.00  100.00
Average:       2    0.00    0.00    0.00    0.00    0.00    0.00    0.00    0.00  100.00
Average:       3    0.00    0.00    0.00    0.00    0.00    0.00    0.00    0.00  100.00
Average:       4    0.00    0.00    0.00    0.00    0.00    0.00    0.00    0.00  100.00
Average:       5    0.00    0.00    0.00    0.00    0.00    0.00    0.00    0.00  100.00
Average:       6    0.00    0.00    0.00    0.00    0.00    0.00    0.00    0.00  100.00
Average:       7    0.00    0.00    0.00    0.00    0.00    0.00    0.00    0.00  100.00
Average:       2    0.00    0.00    0.00    0.00    0.00    0.00    0.00    0.00  100.00
Average:       3    0.00    0.00    0.00    0.00    0.00    0.00    0.00    0.00  100.00
Average:       4    0.00    0.00    0.00    0.00    0.00    0.00    0.00    0.00  100.00
Average:       5    0.00    0.00    0.00    0.00    0.00    0.00    0.00    0.00  100.00
Average:       6    0.00    0.00    0.00    0.00    0.00    0.00    0.00    0.00  100.00
Average:       7    0.00    0.00    0.00    0.00    0.00    0.00    0.00    0.00  100.00
Average:       2    0.00    0.00    0.00    0.00    0.00    0.00    0.00    0.00  100.00
Average:       3    0.00    0.00    0.00    0.00    0.00    0.00    0.00    0.00  100.00
Average:       4    0.00    0.00    0.00    0.00    0.00    0.00    0.00    0.00  100.00
Average:       5    0.00    0.00    0.00    0.00    0.00    0.00    0.00    0.00  100.00
Average:       6    0.00    0.00    0.00    0.00    0.00    0.00    0.00    0.00  100.00
Average:       7    0.00    0.00    0.00    0.00    0.00    0.00    0.00    0.00  100.00
Average:       2    0.00    0.00    0.00    0.00    0.00    0.00    0.00    0.00  100.00
Average:       3    0.00    0.00    0.00    0.00    0.00    0.00    0.00    0.00  100.00
Average:       4    0.50    0.00    0.00    0.00    0.00    0.00    0.00    0.00   99.50
Average:       5    0.00    0.00    0.00    0.00    0.00    0.00    0.00    0.00  100.00
Average:       6    0.00    0.00    0.00    0.00    0.00    0.00    0.00    0.00  100.00
Average:       7    0.00    0.00    0.00    0.00    0.00    0.00    0.00    0.00  100.00
Average:       2    0.00    0.00    0.00    0.00    0.00    0.00    0.00    0.00  100.00
Average:       3    0.00    0.00    0.00    0.00    0.00    0.00    0.00    0.00  100.00
Average:       4    0.00    0.00    0.00    0.00    0.00    0.00    0.00    0.00  100.00
Average:       5    0.00    0.00    0.00    0.00    0.00    0.00    0.00    0.00  100.00
Average:       6    0.00    0.00    0.00    0.00    0.00    0.00    0.00    0.00  100.00
Average:       7    0.00    0.00    0.00    0.00    0.00    0.00    0.00    0.00  100.00
Average:       2    0.00    0.00    0.00    0.00    0.00    0.00    0.00    0.00  100.00
Average:       3    0.00    0.00    0.00    0.00    0.00    0.00    0.00    0.00  100.00
Average:       4    0.00    0.00    0.00    0.00    0.00    0.00    0.00    0.00  100.00
Average:       5    0.00    0.00    0.00    0.00    0.00    0.00    0.00    0.00  100.00
Average:       6    0.00    0.00    0.00    0.00    0.00    0.00    0.00    0.00  100.00
Average:       7    0.00    0.00    0.00    0.00    0.00    0.00    0.00    0.00  100.00
Average:       2    0.00    0.00    0.00    0.00    0.00    0.00    0.00    0.00  100.00
Average:       3    0.00    0.00    0.00    0.00    0.00    0.00    0.00    0.00  100.00
Average:       4    0.00    0.00    0.00    0.00    0.00    0.00    0.00    0.00  100.00
Average:       5    0.00    0.00    0.00    0.00    0.00    0.00    0.00    0.00  100.00
Average:       6    0.00    0.00    0.00    0.00    0.00    0.00    0.00    0.00  100.00
Average:       7    0.00    0.00    0.00    0.00    0.00    0.00    0.00    0.00  100.00
Average:       2    0.00    0.00    0.00    0.00    0.00    0.00    0.00    0.00  100.00
Average:       3    0.00    0.00    0.00    0.00    0.00    0.00    0.00    0.00  100.00
Average:       4    0.00    0.00    0.50    0.00    0.00    0.00    0.00    0.00   99.50
Average:       5    0.00    0.00    0.00    0.00    0.00    0.00    0.00    0.00  100.00
Average:       6    0.00    0.00    0.00    0.00    0.00    0.00    0.00    0.00  100.00
Average:       7    0.00    0.00    0.00    0.00    0.00    0.00    0.00    0.00  100.00
Average:       2    0.00    0.00    0.00    0.00    0.00    0.00    0.00    0.00  100.00
Average:       3    0.00    0.00    0.00    0.00    0.00    0.00    0.00    0.00  100.00
Average:       4    0.00    0.00    0.50    0.00    0.00    0.00    0.00    0.00   99.50
Average:       5    0.00    0.00    0.00    0.00    0.00    0.00    0.00    0.00  100.00
Average:       6    0.00    0.00    0.00    0.00    0.00    0.00    0.00    0.00  100.00
Average:       7    0.00    0.00    0.00    0.00    0.00    0.00    0.00    0.00  100.00
Average:       2    0.00    0.00    0.00    0.00    0.00    0.00    0.00    0.00  100.00
Average:       3    0.00    0.00    0.00    0.00    0.00    0.00    0.00    0.00  100.00
Average:       4    0.00    0.00    0.00    0.00    0.00    0.00    0.00    0.00  100.00
Average:       5    0.00    0.00    0.00    0.00    0.00    0.00    0.00    0.00  100.00
Average:       6    0.00    0.00    0.00    0.00    0.00    0.00    0.00    0.00  100.00
Average:       7    0.00    0.00    0.00    0.00    0.00    0.00    0.00    0.00  100.00
Average:       2    0.00    0.00    0.00    0.00    0.00    0.00    0.00    0.00  100.00
Average:       3    0.00    0.00    0.00    0.00    0.00    0.00    0.00    0.00  100.00
Average:       4    0.00    0.00    0.00    0.00    0.00    0.00    0.00    0.00  100.00
Average:       5    0.00    0.00    0.00    0.00    0.00    0.00    0.00    0.00  100.00
Average:       6    0.00    0.00    0.00    0.00    0.00    0.00    0.00    0.00  100.00
Average:       7    0.00    0.00    0.00    0.00    0.00    0.00    0.00    0.00  100.00
Average:       2    0.00    0.00    0.00    0.00    0.00    0.00    0.00    0.00  100.00
Average:       3    0.00    0.00    0.00    0.00    0.00    0.00    0.00    0.00  100.00
Average:       4    0.00    0.00    0.00    0.00    0.00    0.00    0.00    0.00  100.00
Average:       5    0.00    0.00    0.00    0.00    0.00    0.00    0.00    0.00  100.00
Average:       6    0.00    0.00    0.00    0.00    0.00    0.00    0.00    0.00  100.00
Average:       7    0.00    0.00    0.00    0.00    0.00    0.00    0.00    0.00  100.00
Average:       2    0.00    0.00    0.00    0.00    0.00    0.00    0.00    0.00  100.00
Average:       3    0.00    0.00    0.00    0.00    0.00    0.00    0.00    0.00  100.00
Average:       4    0.00    0.00    0.00    0.00    0.00    0.00    0.00    0.00  100.00
Average:       5    0.00    0.00    0.00    0.00    0.00    0.00    0.00    0.00  100.00
Average:       6    0.00    0.00    0.00    0.00    0.00    0.00    0.00    0.00  100.00
Average:       7    0.00    0.00    0.00    0.00    0.00    0.00    0.00    0.00  100.00
Average:       2    0.00    0.00    0.00    0.00    0.00    0.00    0.00    0.00  100.00
Average:       3    0.00    0.00    0.00    0.00    0.00    0.00    0.00    0.00  100.00
Average:       4    0.00    0.00    0.00    0.00    0.00    0.00    0.00    0.00  100.00
Average:       5    0.00    0.00    0.00    0.00    0.00    0.00    0.00    0.00  100.00
Average:       6    0.00    0.00    0.00    0.00    0.00    0.00    0.50    0.00   99.50
Average:       7    0.50    0.00    0.00    0.00    0.00    0.00    0.00    0.00   99.50
Average:       2    0.00    0.00    0.00    0.00    0.00    0.00    0.00    0.00  100.00
Average:       3    0.00    0.00    0.00    0.00    0.00    0.00    0.00    0.00  100.00
Average:       4    0.00    0.00    0.00    0.00    0.00    0.00    0.00    0.00  100.00
Average:       5    0.00    0.00    0.00    0.00    0.00    0.00    0.00    0.00  100.00
Average:       6    0.00    0.00    0.00    0.00    0.00    0.00    0.00    0.00  100.00
Average:       7    0.00    0.00    0.00    0.00    0.00    0.00    0.00    0.00  100.00
Average:       2    0.00    0.00    0.00    0.00    0.00    0.00    0.00    0.00  100.00
Average:       3    0.00    0.00    0.00    0.00    0.00    0.00    0.00    0.00  100.00
Average:       4    0.00    0.00    0.00    0.00    0.00    0.00    0.00    0.00  100.00
Average:       5    0.00    0.00    0.00    0.00    0.00    0.00    0.00    0.00  100.00
Average:       6    0.00    0.00    0.00    0.00    0.00    0.00    0.00    0.00  100.00
Average:       7    0.00    0.00    0.00    0.00    0.00    0.00    0.00    0.00  100.00
Average:       2    0.00    0.00    0.00    0.00    0.00    0.00    0.00    0.00  100.00
Average:       3    0.00    0.00    0.00    0.00    0.00    0.00    0.00    0.00  100.00
Average:       4    0.00    0.00    0.00    0.00    0.00    0.00    0.00    0.00  100.00
Average:       5    0.00    0.00    0.50    0.00    0.00    0.00    0.00    0.00   99.50
Average:       6    0.00    0.00    0.00    0.00    0.00    0.00    0.00    0.00  100.00
Average:       7    0.00    0.00    0.00    0.00    0.00    0.00    0.00    0.00  100.00
Average:       2    0.00    0.00    0.00    0.00    0.00    0.00    0.00    0.00  100.00
Average:       3    0.00    0.00    0.00    0.00    0.00    0.00    0.00    0.00  100.00
Average:       4    0.00    0.00    0.00    0.00    0.00    0.00    0.00    0.00  100.00
Average:       5    0.00    0.00    0.00    0.00    0.00    0.00    0.00    0.00  100.00
Average:       6    0.00    0.00    0.00    0.00    0.00    0.00    0.00    0.00  100.00
Average:       7    0.00    0.00    0.00    0.00    0.00    0.00    0.00    0.00  100.00
Average:       2    0.00    0.00    0.00    0.00    0.00    0.00    0.00    0.00  100.00
Average:       3    0.00    0.00    0.00    0.00    0.00    0.00    0.00    0.00  100.00
Average:       4    0.00    0.00    0.00    0.00    0.00    0.00    0.00    0.00  100.00
Average:       5    0.00    0.00    0.00    0.00    0.00    0.00    0.00    0.00  100.00
Average:       6    0.00    0.00    0.50    0.00    0.00    0.00    0.00    0.00   99.50
Average:       7    0.00    0.00    0.00    0.00    0.00    0.00    0.00    0.00  100.00
Average:       2    0.00    0.00    0.00    0.00    0.00    0.00    0.00    0.00  100.00
Average:       3    0.00    0.00    0.00    0.00    0.00    0.00    0.00    0.00  100.00
Average:       4    0.00    0.00    0.00    0.00    0.00    0.00    0.00    0.00  100.00
Average:       5    0.00    0.00    0.00    0.00    0.00    0.00    0.00    0.00  100.00
Average:       6    0.00    0.00    0.00    0.00    0.00    0.00    0.00    0.00  100.00
Average:       7    0.00    0.00    0.00    0.00    0.00    0.00    0.00    0.00  100.00
Average:       2    0.00    0.00    0.00    0.00    0.00    0.00    0.00    0.00  100.00
Average:       3    0.00    0.00    0.00    0.00    0.00    0.00    0.00    0.00  100.00
Average:       4    0.00    0.00    0.00    0.00    0.00    0.00    0.00    0.00  100.00
Average:       5    0.00    0.00    0.00    0.00    0.00    0.00    0.00    0.00  100.00
Average:       6    0.00    0.00    0.00    0.00    0.00    0.00    0.00    0.00  100.00
Average:       7    0.00    0.00    0.00    0.00    0.00    0.00    0.00    0.00  100.00
Average:       2    0.00    0.00    0.00    0.00    0.00    0.00    0.00    0.00  100.00
Average:       3    0.00    0.00    0.00    0.00    0.00    0.00    0.00    0.00  100.00
Average:       4    0.00    0.00    0.00    0.00    0.00    0.00    0.00    0.00  100.00
Average:       5    0.00    0.00    0.00    0.00    0.00    0.00    0.00    0.00  100.00
Average:       6    0.50    0.00    0.00    0.00    0.00    0.00    0.00    0.00   99.50
Average:       7    0.00    0.00    0.00    0.00    0.00    0.00    0.00    0.00  100.00
Average:       2    0.00    0.00    0.00    0.00    0.00    0.00    0.00    0.00  100.00
Average:       3    0.00    0.00    0.00    0.00    0.00    0.00    0.00    0.00  100.00
Average:       4    0.00    0.00    0.00    0.00    0.00    0.00    0.00    0.00  100.00
Average:       5    0.00    0.00    0.00    0.00    0.00    0.00    0.00    0.00  100.00
Average:       6    0.00    0.00    0.00    0.00    0.00    0.00    0.00    0.00  100.00
Average:       7    0.00    0.00    0.00    0.00    0.00    0.00    0.00    0.00  100.00
Average:       2    0.00    0.00    0.00    0.00    0.00    0.00    0.00    0.00  100.00
Average:       3    0.00    0.00    0.00    0.00    0.00    0.00    0.00    0.00  100.00
Average:       4    0.00    0.00    0.00    0.00    0.00    0.00    0.00    0.00  100.00
Average:       5    0.00    0.00    0.00    0.00    0.00    0.00    0.00    0.00  100.00
Average:       6    0.00    0.00    0.00    0.00    0.00    0.00    0.00    0.00  100.00
Average:       7    0.00    0.00    0.00    0.00    0.00    0.00    0.00    0.00  100.00
Average:       2    0.00    0.00    0.00    0.00    0.00    0.00    0.00    0.00  100.00
Average:       3    0.00    0.00    0.00    0.00    0.00    0.00    0.00    0.00  100.00
Average:       4    0.00    0.00    0.00    0.00    0.00    0.00    0.00    0.00  100.00
Average:       5    0.00    0.00    0.00    0.00    0.00    0.00    0.00    0.00  100.00
Average:       6    0.00    0.00    0.00    0.00    0.00    0.00    0.00    0.00  100.00
Average:       7    0.00    0.00    0.00    0.00    0.00    0.00    0.00    0.00  100.00
Average:       2    0.00    0.00    0.00    0.00    0.00    0.00    0.00    0.00  100.00
Average:       3    0.00    0.00    0.00    0.00    0.00    0.00    0.00    0.00  100.00
Average:       4    0.00    0.00    0.00    0.00    0.00    0.00    0.00    0.00  100.00
Average:       5    0.00    0.00    0.00    0.00    0.00    0.00    0.00    0.00  100.00
Average:       6    0.00    0.00    0.00    0.00    0.00    0.00    0.00    0.00  100.00
Average:       7    0.00    0.00    0.50    0.00    0.00    0.00    0.00    0.00   99.50
Average:       2    0.00    0.00    0.00    0.00    0.00    0.00    0.00    0.00  100.00
Average:       3    0.00    0.00    0.00    0.00    0.00    0.00    0.00    0.00  100.00
Average:       4    0.00    0.00    0.00    0.00    0.00    0.00    0.00    0.00  100.00
Average:       5    0.00    0.00    0.00    0.00    0.00    0.00    0.00    0.00  100.00
Average:       6    0.00    0.00    0.00    0.00    0.00    0.00    0.00    0.00  100.00
Average:       7    0.00    0.00    0.00    0.00    0.00    0.00    0.00    0.00  100.00
Average:       2    0.00    0.00    0.00    0.00    0.00    0.00    0.00    0.00  100.00
Average:       3    0.00    0.00    0.00    0.00    0.00    0.00    0.00    0.00  100.00
Average:       4    0.00    0.00    0.00    0.00    0.00    0.00    0.00    0.00  100.00
Average:       5    0.00    0.00    0.00    0.00    0.00    0.00    0.00    0.00  100.00
Average:       6    0.00    0.00    0.00    0.00    0.00    0.00    0.00    0.00  100.00
Average:       7    0.00    0.00    0.00    0.00    0.00    0.00    0.00    0.00  100.00
Average:       2    0.00    0.00    0.00    0.00    0.00    0.00    0.00    0.00  100.00
Average:       3    0.00    0.00    0.00    0.00    0.00    0.00    0.00    0.00  100.00
Average:       4    0.00    0.00    0.00    0.00    0.00    0.00    0.00    0.00  100.00
Average:       5    0.00    0.00    0.00    0.00    0.00    0.00    0.00    0.00  100.00
Average:       6    0.00    0.00    0.00    0.00    0.00    0.00    0.00    0.00  100.00
Average:       7    0.00    0.00    0.00    0.00    0.00    0.00    0.00    0.00  100.00
Average:       2    0.00    0.00    0.00    0.00    0.00    0.00    0.00    0.00  100.00
Average:       3    0.00    0.00    0.00    0.00    0.00    0.00    0.00    0.00  100.00
Average:       4    0.00    0.00    0.00    0.00    0.00    0.00    0.00    0.00  100.00
Average:       5    0.00    0.00    0.00    0.00    0.00    0.00    0.00    0.00  100.00
Average:       6    0.00    0.00    0.00    0.00    0.00    0.00    0.00    0.00  100.00
Average:       7    0.00    0.00    0.00    0.00    0.00    0.00    0.00    0.00  100.00
Average:       2    0.00    0.00    0.00    0.00    0.00    0.00    0.00    0.00  100.00
Average:       3    0.00    0.00    0.00    0.00    0.00    0.00    0.00    0.00  100.00
Average:       4    0.00    0.00    0.00    0.00    0.00    0.00    0.00    0.00  100.00
Average:       5    0.00    0.00    0.00    0.00    0.00    0.00    0.00    0.00  100.00
Average:       6    0.00    0.00    0.00    0.00    0.00    0.00    0.00    0.00  100.00
Average:       7    0.00    0.00    0.00    0.00    0.00    0.00    0.00    0.00  100.00
Average:       2    0.00    0.00    0.00    0.00    0.00    0.00    0.00    0.00  100.00
Average:       3    0.00    0.00    0.00    0.00    0.00    0.00    0.00    0.00  100.00
Average:       4    0.00    0.00    0.00    0.00    0.00    0.00    0.00    0.00  100.00
Average:       5    0.00    0.00    0.00    0.00    0.00    0.00    0.00    0.00  100.00
Average:       6    0.00    0.00    0.00    0.00    0.00    0.00    0.00    0.00  100.00
Average:       7    0.00    0.00    0.00    0.00    0.00    0.00    0.00    0.00  100.00
Average:       2    0.00    0.00    0.00    0.00    0.00    0.00    0.00    0.00  100.00
Average:       3    0.00    0.00    0.00    0.00    0.00    0.00    0.00    0.00  100.00
Average:       4    0.00    0.00    0.00    0.00    0.00    0.00    0.00    0.00  100.00
Average:       5    0.00    0.00    0.00    0.00    0.00    0.00    0.00    0.00  100.00
Average:       6    0.00    0.00    0.00    0.00    0.00    0.00    0.00    0.00  100.00
Average:       7    0.00    0.00    0.00    0.00    0.00    0.00    0.00    0.00  100.00
Average:       2    0.00    0.00    0.00    0.00    0.00    0.00    0.00    0.00  100.00
Average:       3    0.00    0.00    0.00    0.00    0.00    0.00    0.00    0.00  100.00
Average:       4    0.00    0.00    0.00    0.00    0.00    0.00    0.00    0.00  100.00
Average:       5    0.00    0.00    0.00    0.00    0.00    0.00    0.00    0.00  100.00
Average:       6    0.00    0.00    0.00    0.00    0.00    0.00    0.00    0.00  100.00
Average:       7    0.00    0.00    0.00    0.00    0.00    0.00    0.00    0.00  100.00
Average:       2    0.00    0.00    0.00    0.00    0.00    0.00    0.00    0.00  100.00
Average:       3    0.00    0.00    0.00    0.00    0.00    0.00    0.00    0.00  100.00
Average:       4    0.00    0.00    0.00    0.00    0.00    0.00    0.00    0.00  100.00
Average:       5    0.00    0.00    0.00    0.00    0.00    0.00    0.00    0.00  100.00
Average:       6    0.00    0.00    0.00    0.00    0.00    0.00    0.00    0.00  100.00
Average:       7    0.00    0.00    0.00    0.00    0.00    0.00    0.00    0.00  100.00
Average:       2    0.00    0.00    0.00    0.00    0.00    0.00    0.00    0.00  100.00
Average:       3    0.00    0.00    0.00    0.00    0.00    0.00    0.00    0.00  100.00
Average:       4    0.00    0.00    0.00    0.00    0.00    0.00    0.00    0.00  100.00
Average:       5    0.00    0.00    0.00    0.00    0.00    0.00    0.00    0.00  100.00
Average:       6    0.00    0.00    0.00    0.00    0.00    0.00    0.00    0.00  100.00
Average:       7    0.00    0.00    0.00    0.00    0.00    0.00    0.00    0.00  100.00
Average:       2    0.00    0.00    0.00    0.00    0.00    0.00    0.00    0.00  100.00
Average:       3    0.00    0.00    0.00    0.00    0.00    0.00    0.00    0.00  100.00
Average:       4    0.00    0.00    0.00    0.00    0.00    0.00    0.00    0.00  100.00
Average:       5    0.00    0.00    0.00    0.00    0.00    0.00    0.00    0.00  100.00
Average:       6    0.50    0.00    0.00    0.00    0.00    0.00    0.00    0.00   99.50
Average:       7    0.00    0.00    0.00    0.00    0.00    0.00    0.00    0.00  100.00
Average:       2    0.00    0.00    0.00    0.00    0.00    0.00    0.00    0.00  100.00
Average:       3    0.00    0.00    0.00    0.00    0.00    0.00    0.00    0.00  100.00
Average:       4    0.00    0.00    0.00    0.00    0.00    0.00    0.00    0.00  100.00
Average:       5    0.00    0.00    0.00    0.00    0.00    0.00    0.00    0.00  100.00
Average:       6    0.00    0.00    0.00    0.00    0.00    0.00    0.00    0.00  100.00
Average:       7    0.00    0.00    0.00    0.00    0.00    0.00    0.00    0.00  100.00
Average:       2    0.00    0.00    0.00    0.00    0.00    0.00    0.00    0.00  100.00
Average:       3    0.00    0.00    0.00    0.00    0.00    0.00    0.00    0.00  100.00
Average:       4    0.00    0.00    0.00    0.00    0.00    0.00    0.00    0.00  100.00
Average:       5    0.00    0.00    0.00    0.00    0.00    0.00    0.00    0.00  100.00
Average:       6    0.00    0.00    0.00    0.00    0.00    0.00    0.00    0.00  100.00
Average:       7    0.00    0.00    0.00    0.00    0.00    0.00    0.00    0.00  100.00
Average:       2    0.00    0.00    0.00    0.00    0.00    0.00    0.00    0.00  100.00
Average:       3    0.00    0.00    0.00    0.00    0.00    0.00    0.00    0.00  100.00
Average:       4    0.00    0.00    0.00    0.00    0.00    0.00    0.00    0.00  100.00
Average:       5    0.00    0.00    0.00    0.00    0.00    0.00    0.00    0.00  100.00
Average:       6    0.00    0.00    0.00    0.00    0.00    0.00    0.00    0.00  100.00
Average:       7    0.00    0.00    0.00    0.00    0.00    0.00    0.00    0.00  100.00
Average:       2    0.00    0.00    0.00    0.00    0.00    0.00    0.00    0.00  100.00
Average:       3    0.00    0.00    0.00    0.00    0.00    0.00    0.00    0.00  100.00
Average:       4    0.00    0.00    0.00    0.00    0.00    0.00    0.00    0.00  100.00
Average:       5    0.00    0.00    0.00    0.00    0.00    0.00    0.00    0.00  100.00
Average:       6    0.00    0.00    0.00    0.00    0.00    0.00    0.00    0.00  100.00
Average:       7    0.00    0.00    0.00    0.00    0.00    0.00    0.00    0.00  100.00
Average:       2    0.00    0.00    0.00    0.00    0.00    0.00    0.00    0.00  100.00
Average:       3    0.00    0.00    0.00    0.00    0.00    0.00    0.00    0.00  100.00
Average:       4    0.00    0.00    0.50    0.00    0.00    0.00    0.00    0.00   99.50
Average:       5    0.00    0.00    0.00    0.00    0.00    0.00    0.00    0.00  100.00
Average:       6    0.00    0.00    0.00    0.00    0.00    0.00    0.00    0.00  100.00
Average:       7    0.00    0.00    0.00    0.00    0.00    0.00    0.00    0.00  100.00
Average:       2    0.00    0.00    0.00    0.00    0.00    0.00    0.00    0.00  100.00
Average:       3    0.00    0.00    0.00    0.00    0.00    0.00    0.00    0.00  100.00
Average:       4    0.00    0.00    0.00    0.00    0.00    0.00    0.00    0.00  100.00
Average:       5    0.00    0.00    0.00    0.00    0.00    0.00    0.00    0.00  100.00
Average:       6    0.50    0.00    0.00    0.00    0.00    0.00    0.00    0.00   99.50
Average:       7    0.00    0.00    0.00    0.00    0.00    0.00    0.00    0.00  100.00
Average:       2    0.00    0.00    0.00    0.00    0.00    0.00    0.00    0.00  100.00
Average:       3    0.00    0.00    0.00    0.00    0.00    0.00    0.00    0.00  100.00
Average:       4    0.00    0.00    0.00    0.00    0.00    0.00    0.00    0.00  100.00
Average:       5    0.00    0.00    0.00    0.00    0.00    0.00    0.00    0.00  100.00
Average:       6    0.00    0.00    0.00    0.00    0.00    0.00    0.00    0.00  100.00
Average:       7    0.00    0.00    0.00    0.00    0.00    0.00    0.00    0.00  100.00
Average:       2    0.00    0.00    0.00    0.00    0.00    0.00    0.00    0.00  100.00
Average:       3    0.00    0.00    0.00    0.00    0.00    0.00    0.00    0.00  100.00
Average:       4    0.00    0.00    0.00    0.00    0.00    0.00    0.00    0.00  100.00
Average:       5    0.00    0.00    0.00    0.00    0.00    0.00    0.00    0.00  100.00
Average:       6    0.00    0.00    0.00    0.00    0.00    0.00    0.00    0.00  100.00
Average:       7    0.00    0.00    0.00    0.00    0.00    0.00    0.00    0.00  100.00
Average:       2    0.00    0.00    0.00    0.00    0.00    0.00    0.00    0.00  100.00
Average:       3    0.00    0.00    0.00    0.00    0.00    0.00    0.00    0.00  100.00
Average:       4    0.00    0.00    0.00    0.00    0.00    0.00    0.00    0.00  100.00
Average:       5    0.00    0.00    0.00    0.00    0.00    0.00    0.00    0.00  100.00
Average:       6    0.00    0.00    0.00    0.00    0.00    0.00    0.00    0.00  100.00
Average:       7    0.00    0.00    0.00    0.00    0.00    0.00    0.00    0.00  100.00
Average:       2    0.00    0.00    0.00    0.00    0.00    0.00    0.00    0.00  100.00
Average:       3    0.00    0.00    0.00    0.00    0.00    0.00    0.00    0.00  100.00
Average:       4    0.00    0.00    0.00    0.00    0.00    0.00    0.00    0.00  100.00
Average:       5    0.00    0.00    0.00    0.00    0.00    0.00    0.00    0.00  100.00
Average:       6    0.00    0.00    0.00    0.00    0.00    0.00    0.00    0.00  100.00
Average:       7    0.00    0.00    0.00    0.00    0.00    0.00    0.00    0.00  100.00
Average:       2    0.00    0.00    0.00    0.00    0.00    0.00    0.00    0.00  100.00
Average:       3    0.00    0.00    0.00    0.00    0.00    0.00    0.00    0.00  100.00
Average:       4    0.00    0.00    0.00    0.00    0.00    0.00    0.00    0.00  100.00
Average:       5    0.00    0.00    0.00    0.00    0.00    0.00    0.00    0.00  100.00
Average:       6    0.00    0.00    0.00    0.00    0.00    0.00    0.00    0.00  100.00
Average:       7    0.00    0.00    0.50    0.00    0.00    0.00    0.00    0.00   99.50
Average:       2    0.00    0.00    0.00    0.00    0.00    0.00    0.00    0.00  100.00
Average:       3    0.00    0.00    0.00    0.00    0.00    0.00    0.00    0.00  100.00
Average:       4    0.00    0.00    0.00    0.00    0.00    0.00    0.00    0.00  100.00
Average:       5    0.00    0.00    0.00    0.00    0.00    0.00    0.00    0.00  100.00
Average:       6    0.50    0.00    0.00    0.00    0.00    0.00    0.00    0.00   99.50
Average:       7    0.00    0.00    0.00    0.00    0.00    0.00    0.00    0.00  100.00
Average:       2    0.00    0.00    0.00    0.00    0.00    0.00    0.00    0.00  100.00
Average:       3    0.00    0.00    0.00    0.00    0.00    0.00    0.00    0.00  100.00
Average:       4    0.00    0.00    0.00    0.00    0.00    0.00    0.00    0.00  100.00
Average:       5    0.00    0.00    0.00    0.00    0.00    0.00    0.00    0.00  100.00
Average:       6    0.00    0.00    0.00    0.00    0.00    0.00    0.00    0.00  100.00
Average:       7    0.00    0.00    0.00    0.00    0.00    0.00    0.00    0.00  100.00
Average:       2    0.00    0.00    0.00    0.00    0.00    0.00    0.00    0.00  100.00
Average:       3    0.00    0.00    0.00    0.00    0.00    0.00    0.00    0.00  100.00
Average:       4    0.00    0.00    0.00    0.00    0.00    0.00    0.00    0.00  100.00
Average:       5    0.00    0.00    0.00    0.00    0.00    0.00    0.00    0.00  100.00
Average:       6    0.00    0.00    0.00    0.00    0.00    0.00    0.00    0.00  100.00
Average:       7    0.00    0.00    0.00    0.00    0.00    0.00    0.00    0.00  100.00
Average:       2    0.00    0.00    0.00    0.00    0.00    0.00    0.00    0.00  100.00
Average:       3    0.00    0.00    0.00    0.00    0.00    0.00    0.00    0.00  100.00
Average:       4    0.00    0.00    0.00    0.00    0.00    0.00    0.00    0.00  100.00
Average:       5    0.00    0.00    0.00    0.00    0.00    0.00    0.00    0.00  100.00
Average:       6    0.00    0.00    0.00    0.00    0.00    0.00    0.00    0.00  100.00
Average:       7    0.00    0.00    0.00    0.00    0.00    0.00    0.00    0.00  100.00
Average:       2    0.00    0.00    0.00    0.00    0.00    0.00    0.00    0.00  100.00
Average:       3    0.00    0.00    0.00    0.00    0.00    0.00    0.00    0.00  100.00
Average:       4    0.00    0.00    0.00    0.00    0.00    0.00    0.00    0.00  100.00
Average:       5    0.00    0.00    0.00    0.00    0.00    0.00    0.00    0.00  100.00
Average:       6    0.00    0.00    0.00    0.00    0.00    0.00    0.00    0.00  100.00
Average:       7    0.00    0.00    0.00    0.00    0.00    0.00    0.00    0.00  100.00
Average:       2    0.00    0.00    0.00    0.00    0.00    0.00    0.00    0.00  100.00
Average:       3    0.00    0.00    0.00    0.00    0.00    0.00    0.00    0.00  100.00
Average:       4    0.00    0.00    0.00    0.00    0.00    0.00    0.00    0.00  100.00
Average:       5    0.00    0.00    0.00    0.00    0.00    0.00    0.00    0.00  100.00
Average:       6    0.00    0.00    0.00    0.00    0.00    0.00    0.00    0.00  100.00
Average:       7    0.00    0.00    0.00    0.00    0.00    0.00    0.00    0.00  100.00
Average:       2    0.00    0.00    0.00    0.00    0.00    0.00    0.00    0.00  100.00
Average:       3    0.00    0.00    0.00    0.00    0.00    0.00    0.00    0.00  100.00
Average:       4    0.00    0.00    0.00    0.00    0.00    0.00    0.00    0.00  100.00
Average:       5    0.00    0.00    0.00    0.00    0.00    0.00    0.00    0.00  100.00
Average:       6    0.00    0.00    0.00    0.00    0.00    0.00    0.00    0.00  100.00
Average:       7    0.00    0.00    0.00    0.00    0.00    0.00    0.00    0.00  100.00
Average:       2    0.00    0.00    0.00    0.00    0.00    0.00    0.00    0.00  100.00
Average:       3    0.00    0.00    0.00    0.00    0.00    0.00    0.00    0.00  100.00
Average:       4    0.00    0.00    0.00    0.00    0.00    0.00    0.00    0.00  100.00
Average:       5    0.00    0.00    0.00    0.00    0.00    0.00    0.00    0.00  100.00
Average:       6    0.00    0.00    0.00    0.00    0.00    0.00    0.00    0.00  100.00
Average:       7    0.00    0.00    0.00    0.00    0.00    0.00    0.00    0.00  100.00
Average:       2    0.00    0.00    0.00    0.00    0.00    0.00    0.00    0.00  100.00
Average:       3    0.00    0.00    0.00    0.00    0.00    0.00    0.00    0.00  100.00
Average:       4    0.00    0.00    0.00    0.00    0.00    0.00    0.00    0.00  100.00
Average:       5    0.00    0.00    0.00    0.00    0.00    0.00    0.00    0.00  100.00
Average:       6    0.00    0.00    0.00    0.00    0.00    0.00    0.00    0.00  100.00
Average:       7    0.00    0.00    0.00    0.00    0.00    0.00    0.00    0.00  100.00
Average:       2    0.00    0.00    0.00    0.00    0.00    0.00    0.00    0.00  100.00
Average:       3    0.00    0.00    0.00    0.00    0.00    0.00    0.00    0.00  100.00
Average:       4    0.00    0.00    0.00    0.00    0.00    0.00    0.00    0.00  100.00
Average:       5    0.00    0.00    0.00    0.00    0.00    0.00    0.00    0.00  100.00
Average:       6    0.00    0.00    0.00    0.00    0.00    0.00    0.00    0.00  100.00
Average:       7    0.00    0.00    0.00    0.00    0.00    0.00    0.00    0.00  100.00
Average:       2    0.00    0.00    0.00    0.00    0.00    0.00    0.00    0.00  100.00
Average:       3    0.00    0.00    0.00    0.00    0.00    0.00    0.00    0.00  100.00
Average:       4    0.00    0.00    0.00    0.00    0.00    0.00    0.00    0.00  100.00
Average:       5    0.00    0.00    0.00    0.00    0.00    0.00    0.00    0.00  100.00
Average:       6    0.00    0.00    0.00    0.00    0.00    0.00    0.00    0.00  100.00
Average:       7    0.00    0.00    0.00    0.00    0.00    0.00    0.00    0.00  100.00
Average:       2    0.00    0.00    0.00    0.00    0.00    0.00    0.00    0.00  100.00
Average:       3    0.00    0.00    0.00    0.00    0.00    0.00    0.00    0.00  100.00
Average:       4    0.00    0.00    0.00    0.00    0.00    0.00    0.00    0.00  100.00
Average:       5    0.00    0.00    0.00    0.00    0.00    0.00    0.00    0.00  100.00
Average:       6    0.00    0.00    0.00    0.00    0.00    0.00    0.00    0.00  100.00
Average:       7    0.00    0.00    0.00    0.00    0.00    0.00    0.00    0.00  100.00
Average:       2    0.00    0.00    0.50    0.00    0.00    0.00    0.00    0.00   99.50
Average:       3    0.00    0.00    0.00    0.00    0.00    0.00    0.00    0.00  100.00
Average:       4    0.00    0.00    0.00    0.00    0.00    0.00    0.00    0.00  100.00
Average:       5    0.00    0.00    0.00    0.00    0.00    0.00    0.00    0.00  100.00
Average:       6    0.00    0.00    0.00    0.00    0.00    0.00    0.00    0.00  100.00
Average:       7    0.00    0.00    0.00    0.00    0.00    0.00    0.00    0.00  100.00
Average:       2    0.00    0.00    0.00    0.00    0.00    0.00    0.00    0.00  100.00
Average:       3    0.00    0.00    0.00    0.00    0.00    0.00    0.00    0.00  100.00
Average:       4    0.00    0.00    0.00    0.00    0.00    0.00    0.00    0.00  100.00
Average:       5    0.00    0.00    0.00    0.00    0.00    0.00    0.00    0.00  100.00
Average:       6    0.00    0.00    0.00    0.00    0.00    0.00    0.00    0.00  100.00
Average:       7    0.00    0.00    0.00    0.00    0.00    0.00    0.00    0.00  100.00
Average:       2    0.00    0.00    0.50    0.00    0.00    0.00    0.00    0.00   99.50
Average:       3    0.00    0.00    0.00    0.00    0.00    0.00    0.00    0.00  100.00
Average:       4    0.00    0.00    0.00    0.00    0.00    0.00    0.00    0.00  100.00
Average:       5    0.00    0.00    0.00    0.00    0.00    0.00    0.00    0.00  100.00
Average:       6    0.00    0.00    0.00    0.00    0.50    0.00    0.00    0.00   99.50
Average:       7    0.00    0.00    0.00    0.00    0.00    0.00    0.00    0.00  100.00
Average:       2    0.00    0.00    0.00    0.00    0.00    0.00    0.00    0.00  100.00
Average:       3    0.00    0.00    0.00    0.00    0.00    0.00    0.00    0.00  100.00
Average:       4    0.00    0.00    0.00    0.00    0.00    0.00    0.00    0.00  100.00
Average:       5    0.00    0.00    0.00    0.00    0.00    0.00    0.00    0.00  100.00
Average:       6    0.00    0.00    0.00    0.00    0.00    0.00    0.00    0.00  100.00
Average:       7    0.00    0.00    0.00    0.00    0.00    0.00    0.00    0.00  100.00
Average:       2    0.00    0.00    0.00    0.00    0.00    0.00    0.00    0.00  100.00
Average:       3    0.00    0.00    0.00    0.00    0.00    0.00    0.00    0.00  100.00
Average:       4    0.00    0.00    0.00    0.00    0.00    0.00    0.00    0.00  100.00
Average:       5    0.00    0.00    0.00    0.00    0.00    0.00    0.00    0.00  100.00
Average:       6    0.00    0.00    0.00    0.00    0.00    0.00    0.00    0.00  100.00
Average:       7    0.00    0.00    0.00    0.00    0.00    0.00    0.00    0.00  100.00
Average:       2    0.00    0.00    0.00    0.00    0.00    0.00    0.00    0.00  100.00
Average:       3    0.00    0.00    0.00    0.00    0.00    0.00    0.00    0.00  100.00
Average:       4    0.00    0.00    0.00    0.00    0.00    0.00    0.00    0.00  100.00
Average:       5    0.00    0.00    0.50    0.00    0.00    0.00    0.00    0.00   99.50
Average:       6    0.00    0.00    0.00    0.00    0.00    0.00    0.00    0.00  100.00
Average:       7    0.00    0.00    0.00    0.00    0.00    0.00    0.00    0.00  100.00
Average:       2    0.00    0.00    0.00    0.00    0.00    0.00    0.00    0.00  100.00
Average:       3    0.00    0.00    0.00    0.00    0.00    0.00    0.00    0.00  100.00
Average:       4    0.00    0.00    0.00    0.00    0.00    0.00    0.00    0.00  100.00
Average:       5    0.00    0.00    0.00    0.00    0.00    0.00    0.00    0.00  100.00
Average:       6    0.00    0.00    0.00    0.00    0.00    0.00    0.00    0.00  100.00
Average:       7    0.00    0.00    0.00    0.00    0.00    0.00    0.00    0.00  100.00
Average:       2    0.00    0.00    0.00    0.00    0.00    0.00    0.00    0.00  100.00
Average:       3    0.00    0.00    0.00    0.00    0.00    0.00    0.50    0.00   99.50
Average:       4    0.00    0.00    0.00    0.00    0.00    0.00    0.00    0.00  100.00
Average:       5    0.00    0.00    0.00    0.00    0.00    0.00    0.00    0.00  100.00
Average:       6    0.00    0.00    0.00    0.00    0.00    0.00    0.00    0.00  100.00
Average:       7    0.00    0.00    0.00    0.00    0.00    0.00    0.00    0.00  100.00
Average:       2    0.00    0.00    0.50    0.00    0.00    0.00    0.00    0.00   99.50
Average:       3    0.00    0.00    0.00    0.00    0.00    0.00    0.00    0.00  100.00
Average:       4    0.00    0.00    0.00    0.00    0.00    0.00    0.00    0.00  100.00
Average:       5    0.00    0.00    0.00    0.00    0.00    0.00    0.00    0.00  100.00
Average:       6    0.00    0.00    0.00    0.00    0.00    0.00    0.00    0.00  100.00
Average:       7    0.00    0.00    0.00    0.00    0.00    0.00    0.00    0.00  100.00
Average:       2    0.00    0.00   28.36   30.35    0.00    0.00    0.50    0.00   40.80
Average:       3    0.00    0.00    0.50    1.00    0.00    0.00    0.00    0.00   98.50
Average:       4    0.00    0.00    3.96    4.95    0.00    0.00    0.00    0.00   91.09
Average:       5    0.00    0.00    8.00    0.00    0.00    0.00    0.00    0.00   92.00
Average:       6    0.00    0.00    0.00    0.00    0.00    0.00    0.00    0.00  100.00
Average:       7    0.00    0.00    0.00    0.00    0.00    0.00    0.00    0.00  100.00
Average:       2    0.00    0.00   20.41   77.04    0.00    0.00    0.51    0.00    2.04
Average:       3    0.00    0.00    0.00    0.00    0.00    0.00    0.00    0.00  100.00
Average:       4    0.00    0.00    0.00    0.00    0.00    0.00    0.00    0.00  100.00
Average:       5    0.00    0.00    0.00    0.00    0.00    0.00    0.00    0.00  100.00
Average:       6    0.00    0.00    0.00    0.00    0.00    0.00    0.00    0.00  100.00
Average:       7    0.00    0.00    0.00    0.00    0.00    0.00    0.00    0.00  100.00
Average:       2  100.00    0.00    0.00    0.00    0.00    0.00    0.00    0.00    0.00
Average:       3    0.00    0.00    0.00    0.50    0.00    0.00    0.00    0.00   99.50
Average:       4    0.00    0.00    0.00    0.00    0.00    0.00    0.00    0.00  100.00
Average:       5    0.00    0.00    0.00    0.00    0.00    0.00    0.00    0.00  100.00
Average:       6    0.00    0.00    0.00    0.00    0.00    0.00    0.00    0.00  100.00
Average:       7    0.00    0.00    0.00    0.00    0.00    0.00    0.00    0.00  100.00
Average:       2  100.00    0.00    0.00    0.00    0.00    0.00    0.00    0.00    0.00
Average:       3    0.00    0.00    0.50    3.02    0.00    0.00    0.00    0.00   96.48
Average:       4    0.00    0.00    0.00    0.00    0.00    0.00    0.00    0.00  100.00
Average:       5    0.00    0.00    0.00    0.00    0.00    0.00    0.00    0.00  100.00
Average:       6    0.00    0.00    0.00    0.00    0.00    0.00    0.00    0.00  100.00
Average:       7    0.00    0.00    0.00    0.00    0.00    0.00    0.00    0.00  100.00
Average:       2  100.00    0.00    0.00    0.00    0.00    0.00    0.00    0.00    0.00
Average:       3    0.00    0.00    0.00    0.00    0.00    0.00    0.00    0.00  100.00
Average:       4    0.00    0.00    0.00    0.00    0.00    0.00    0.00    0.00  100.00
Average:       5    0.00    0.00    0.00    0.00    0.00    0.00    0.00    0.00  100.00
Average:       6    0.00    0.00    0.00    0.00    0.00    0.00    0.00    0.00  100.00
Average:       7    0.00    0.00    0.00    0.00    0.00    0.00    0.00    0.00  100.00
Average:       2  100.00    0.00    0.00    0.00    0.00    0.00    0.00    0.00    0.00
Average:       3    0.00    0.00    0.00    0.00    0.00    0.00    0.00    0.00  100.00
Average:       4    0.00    0.00    0.00    0.00    0.00    0.00    0.00    0.00  100.00
Average:       5    0.00    0.00    0.00    0.00    0.00    0.00    0.00    0.00  100.00
Average:       6    0.00    0.00    0.00    0.00    0.00    0.00    0.00    0.00  100.00
Average:       7    0.00    0.00    0.00    0.00    0.00    0.00    0.00    0.00  100.00
Average:       2  100.00    0.00    0.00    0.00    0.00    0.00    0.00    0.00    0.00
Average:       3    0.00    0.00    0.00    0.00    0.00    0.00    0.00    0.00  100.00
Average:       4    0.00    0.00    0.00    0.00    0.00    0.00    0.00    0.00  100.00
Average:       5    0.00    0.00    0.00    0.00    0.00    0.00    0.00    0.00  100.00
Average:       6    0.00    0.00    0.00    0.00    0.00    0.00    0.00    0.00  100.00
Average:       7    0.00    0.00    0.00    0.00    0.00    0.00    0.00    0.00  100.00
Average:       2  100.00    0.00    0.00    0.00    0.00    0.00    0.00    0.00    0.00
Average:       3    0.00    0.00    0.00    0.00    0.00    0.00    0.00    0.00  100.00
Average:       4    0.00    0.00    0.00    0.00    0.00    0.00    0.00    0.00  100.00
Average:       5    0.00    0.00    0.00    0.00    0.00    0.00    0.50    0.00   99.50
Average:       6    0.00    0.00    0.00    0.00    0.00    0.00    0.00    0.00  100.00
Average:       7    0.00    0.00    0.00    0.00    0.00    0.00    0.00    0.00  100.00
Average:       2  100.00    0.00    0.00    0.00    0.00    0.00    0.00    0.00    0.00
Average:       3    0.00    0.00    0.00    0.00    0.00    0.00    0.00    0.00  100.00
Average:       4    0.00    0.00    0.00    0.00    0.00    0.00    0.00    0.00  100.00
Average:       5    0.00    0.00    0.00    0.00    0.00    0.00    0.00    0.00  100.00
Average:       6    0.00    0.00    0.00    0.00    0.00    0.00    0.00    0.00  100.00
Average:       7    0.00    0.00    0.00    0.00    0.00    0.00    0.00    0.00  100.00
Average:       2  100.00    0.00    0.00    0.00    0.00    0.00    0.00    0.00    0.00
Average:       3    0.00    0.00    0.00    0.00    0.00    0.00    0.00    0.00  100.00
Average:       4    0.00    0.00    0.00    0.00    0.00    0.00    0.00    0.00  100.00
Average:       5    0.00    0.00    0.00    0.00    0.00    0.00    0.00    0.00  100.00
Average:       6    0.00    0.00    0.00    0.00    0.00    0.00    0.00    0.00  100.00
Average:       7    0.00    0.00    0.00    0.00    0.00    0.00    0.00    0.00  100.00
Average:       2    0.00    0.00    0.00    0.00    0.00    0.00    0.50    0.00   99.50
Average:       3    0.00    0.00    0.00    0.00    0.00    0.00    0.50    0.00   99.50
Average:       4    0.00    0.00    0.00    0.00    0.00    0.00    0.00    0.00  100.00
Average:       5    0.00    0.00    0.50    0.00    0.00    0.00    0.00    0.00   99.50
Average:       6    0.00    0.00    0.00    0.00    0.00    0.00    0.51    0.00   99.49
Average:       7    0.00    0.00    0.00    0.00    0.00    0.00    0.00    0.00  100.00
