Average:       2    0.00    0.00    0.00    0.00    0.00    0.00    0.00    0.00  100.00
Average:       3    0.00    0.00    0.00    0.00    0.00    0.00    0.00    0.00  100.00
Average:       4    0.00    0.00    0.00    0.00    0.00    0.00    0.00    0.00  100.00
Average:       5    0.00    0.00    0.00    0.00    0.00    0.00    0.00    0.00  100.00
Average:       6    0.00    0.00    0.00    0.00    0.00    0.00    0.00    0.00  100.00
Average:       7    0.00    0.00    0.00    0.00    0.00    0.00    0.00    0.00  100.00
Average:       2    0.00    0.00    0.00    0.00    0.00    0.00    0.00    0.00  100.00
Average:       3    0.00    0.00    0.00    0.00    0.00    0.00    0.00    0.00  100.00
Average:       4    0.00    0.00    0.00    0.00    0.00    0.00    0.00    0.00  100.00
Average:       5    0.00    0.00    0.00    0.00    0.00    0.00    0.00    0.00  100.00
Average:       6    0.50    0.00    0.00    0.00    0.00    0.00    0.00    0.00   99.50
Average:       7    0.00    0.00    0.00    0.00    0.00    0.00    0.00    0.00  100.00
Average:       2    0.00    0.00    0.00    0.00    0.00    0.00    0.00    0.00  100.00
Average:       3    0.00    0.00    0.00    0.00    0.00    0.00    0.00    0.00  100.00
Average:       4    0.00    0.00    0.00    0.00    0.00    0.00    0.00    0.00  100.00
Average:       5    0.00    0.00    0.00    0.00    0.00    0.00    0.00    0.00  100.00
Average:       6    0.00    0.00    0.00    0.00    0.00    0.00    0.00    0.00  100.00
Average:       7    0.00    0.00    0.00    0.00    0.00    0.00    0.00    0.00  100.00
Average:       2    0.00    0.00    1.98    3.96    0.00    0.00    0.50    0.00   93.56
Average:       3    0.00    0.00    0.00    0.00    0.00    0.00    0.00    0.00  100.00
Average:       4    0.00    0.00    0.00    0.00    0.00    0.00    0.00    0.00  100.00
Average:       5    0.00    0.00    0.00    0.00    0.00    0.00    0.00    0.00  100.00
Average:       6    0.00    0.00    0.00    0.00    0.00    0.00    0.00    0.00  100.00
Average:       7    0.00    0.00    0.00    0.00    0.00    0.00    0.00    0.00  100.00
Average:       2    0.00    0.00    0.00    0.00    0.00    0.00    0.00    0.00  100.00
Average:       3    0.00    0.00    0.00    0.00    0.00    0.00    0.00    0.00  100.00
Average:       4    0.00    0.00    0.00    0.00    0.00    0.00    0.00    0.00  100.00
Average:       5    0.00    0.00    0.00    0.00    0.00    0.00    0.00    0.00  100.00
Average:       6    0.00    0.00    0.00    0.00    0.00    0.00    0.00    0.00  100.00
Average:       7    0.00    0.00    0.00    0.00    0.00    0.00    0.00    0.00  100.00
Average:       2    0.00    0.00    0.00    0.00    0.00    0.00    0.00    0.00  100.00
Average:       3    0.00    0.00    0.00    0.00    0.00    0.00    0.00    0.00  100.00
Average:       4    0.00    0.00    0.00    0.00    0.00    0.00    0.00    0.00  100.00
Average:       5    0.00    0.00    0.00    0.00    0.00    0.00    0.00    0.00  100.00
Average:       6    0.50    0.00    0.00    0.00    0.00    0.00    0.00    0.00   99.50
Average:       7    0.50    0.00    0.00    0.00    0.00    0.00    0.00    0.00   99.50
Average:       2    0.00    0.00    1.50    6.50    0.00    0.00    0.00    0.00   92.00
Average:       3    0.00    0.00    0.00    0.00    0.00    0.00    0.00    0.00  100.00
Average:       4    0.00    0.00    0.00    0.00    0.00    0.00    0.00    0.00  100.00
Average:       5    0.00    0.00    0.00    0.00    0.00    0.00    0.00    0.00  100.00
Average:       6    0.00    0.00    0.00    0.00    0.00    0.00    0.00    0.00  100.00
Average:       7    0.00    0.00    0.00    0.00    0.00    0.00    0.00    0.00  100.00
Average:       2    0.00    0.00    0.00    0.00    0.00    0.00    0.00    0.00  100.00
Average:       3    0.00    0.00    0.00    0.00    0.00    0.00    0.00    0.00  100.00
Average:       4    0.00    0.00    0.00    0.00    0.00    0.00    0.00    0.00  100.00
Average:       5    0.00    0.00    0.50    0.00    0.00    0.00    0.00    0.00   99.50
Average:       6    0.00    0.00    0.00    0.00    0.00    0.00    0.00    0.00  100.00
Average:       7    0.00    0.00    0.00    0.00    0.00    0.00    0.00    0.00  100.00
Average:       2    0.00    0.00    0.50    2.50    0.00    0.00    0.00    0.00   97.00
Average:       3    0.00    0.00    0.00    0.00    0.00    0.00    0.00    0.00  100.00
Average:       4    0.00    0.00    0.00    0.00    0.00    0.00    0.00    0.00  100.00
Average:       5    0.00    0.00    3.48    2.49    0.00    0.00    0.50    0.00   93.53
Average:       6    0.00    0.00    0.00    0.00    0.00    0.00    0.00    0.00  100.00
Average:       7    0.00    0.00    0.00    0.00    0.00    0.00    0.00    0.00  100.00
Average:       2    0.00    0.00    0.00    0.00    0.00    0.00    0.00    0.00  100.00
Average:       3    0.00    0.00    0.50    0.00    0.00    0.00    0.00    0.00   99.50
Average:       4    0.00    0.00    0.00    0.00    0.00    0.00    0.00    0.00  100.00
Average:       5    0.00    0.00    0.00    0.00    0.00    0.00    0.00    0.00  100.00
Average:       6    0.00    0.00    0.00    0.00    0.00    0.00    0.00    0.00  100.00
Average:       7    0.00    0.00    0.00    0.00    0.00    0.00    0.00    0.00  100.00
Average:       2    0.00    0.00    0.00    0.00    0.00    0.00    0.00    0.00  100.00
Average:       3    0.00    0.00    0.00    0.00    0.00    0.00    0.00    0.00  100.00
Average:       4    0.00    0.00    0.00    0.00    0.00    0.00    0.00    0.00  100.00
Average:       5    0.00    0.00    0.00    0.00    0.00    0.00    0.00    0.00  100.00
Average:       6    0.00    0.00    0.00    0.00    0.00    0.00    0.00    0.00  100.00
Average:       7    0.00    0.00    0.00    0.00    0.00    0.00    0.00    0.00  100.00
Average:       2    0.00    0.00    0.00    0.00    0.00    0.00    0.00    0.00  100.00
Average:       3    0.00    0.00    0.00    0.00    0.00    0.00    0.00    0.00  100.00
Average:       4    0.00    0.00    0.00    0.00    0.00    0.00    0.00    0.00  100.00
Average:       5    0.00    0.00    0.00    0.00    0.00    0.00    0.00    0.00  100.00
Average:       6    0.00    0.00    0.00    0.00    0.00    0.00    0.00    0.00  100.00
Average:       7    0.00    0.00    0.00    0.00    0.00    0.00    0.00    0.00  100.00
Average:       2    0.00    0.00    0.00    0.00    0.00    0.00    0.00    0.00  100.00
Average:       3    0.00    0.00    0.00    0.00    0.00    0.00    0.00    0.00  100.00
Average:       4    0.00    0.00    0.00    0.00    0.00    0.00    0.00    0.00  100.00
Average:       5    0.00    0.00    0.50    0.00    0.00    0.00    0.00    0.00   99.50
Average:       6    0.00    0.00    0.00    0.00    0.00    0.00    0.00    0.00  100.00
Average:       7    0.00    0.00    0.00    0.00    0.00    0.00    0.00    0.00  100.00
Average:       2    0.00    0.00    1.01    6.03    0.00    0.00    0.00    0.00   92.96
Average:       3    0.00    0.00    0.50    0.00    0.00    0.00    0.00    0.00   99.50
Average:       4    0.00    0.00    0.00    0.00    0.00    0.00    0.00    0.00  100.00
Average:       5    0.00    0.00    0.00    0.00    0.00    0.00    0.00    0.00  100.00
Average:       6    0.00    0.00    0.00    0.00    0.00    0.00    0.00    0.00  100.00
Average:       7    0.00    0.00    0.00    0.00    0.00    0.00    0.00    0.00  100.00
Average:       2    0.00    0.00    0.00    0.00    0.00    0.00    0.00    0.00  100.00
Average:       3    0.00    0.00    0.00    0.00    0.00    0.00    0.00    0.00  100.00
Average:       4    0.00    0.00    0.00    0.00    0.00    0.00    0.00    0.00  100.00
Average:       5    0.00    0.00    0.00    0.00    0.00    0.00    0.00    0.00  100.00
Average:       6    0.00    0.00    0.00    0.00    0.00    0.00    0.00    0.00  100.00
Average:       7    0.00    0.00    0.00    0.00    0.00    0.00    0.00    0.00  100.00
Average:       2    0.00    0.00    0.00    0.00    0.00    0.00    0.00    0.00  100.00
Average:       3    0.00    0.00    0.00    0.00    0.00    0.00    0.00    0.00  100.00
Average:       4    0.00    0.00    0.00    0.00    0.00    0.00    0.00    0.00  100.00
Average:       5    0.00    0.00    0.00    0.00    0.00    0.00    0.00    0.00  100.00
Average:       6    0.00    0.00    0.00    0.00    0.00    0.00    0.00    0.00  100.00
Average:       7    0.00    0.00    0.00    0.00    0.00    0.00    0.00    0.00  100.00
Average:       2    0.00    0.00    0.00    0.00    0.00    0.00    0.00    0.00  100.00
Average:       3    0.00    0.00    0.00    0.00    0.00    0.00    0.00    0.00  100.00
Average:       4    0.00    0.00    0.00    0.00    0.00    0.00    0.00    0.00  100.00
Average:       5    0.00    0.00    0.00    0.00    0.00    0.00    0.00    0.00  100.00
Average:       6    0.00    0.00    0.00    0.00    0.00    0.00    0.00    0.00  100.00
Average:       7    0.00    0.00    0.00    0.00    0.00    0.00    0.00    0.00  100.00
Average:       2    0.00    0.00    0.00    0.00    0.00    0.00    0.00    0.00  100.00
Average:       3    0.00    0.00    0.00    0.00    0.00    0.00    0.00    0.00  100.00
Average:       4    2.50    0.00    1.00    0.00    0.00    0.00    0.00    0.00   96.50
Average:       5    0.00    0.00    0.00    0.00    0.00    0.00    0.00    0.00  100.00
Average:       6    0.00    0.00    0.00    0.00    0.00    0.00    0.00    0.00  100.00
Average:       7    0.00    0.00    0.00    0.00    0.00    0.00    0.00    0.00  100.00
Average:       2    0.00    0.00    0.00    0.00    0.00    0.00    0.00    0.00  100.00
Average:       3    0.00    0.00    0.00    0.00    0.00    0.00    0.00    0.00  100.00
Average:       4    0.00    0.00    0.00    0.00    0.00    0.00    0.00    0.00  100.00
Average:       5    0.00    0.00    0.00    0.00    0.00    0.00    0.00    0.00  100.00
Average:       6    0.00    0.00    0.00    0.00    0.00    0.00    0.00    0.00  100.00
Average:       7    0.00    0.00    0.00    0.00    0.00    0.00    0.00    0.00  100.00
Average:       2    0.00    0.00    0.00    0.00    0.00    0.00    0.00    0.00  100.00
Average:       3    0.00    0.00    0.00    0.00    0.00    0.00    0.00    0.00  100.00
Average:       4    0.00    0.00    0.00    0.00    0.00    0.00    0.00    0.00  100.00
Average:       5    0.00    0.00    0.00    0.00    0.00    0.00    0.00    0.00  100.00
Average:       6    0.00    0.00    0.00    0.00    0.00    0.00    0.00    0.00  100.00
Average:       7    0.00    0.00    0.00    0.00    0.00    0.00    0.00    0.00  100.00
Average:       2    0.00    0.00    0.00    0.00    0.00    0.00    0.00    0.00  100.00
Average:       3    0.00    0.00    0.50    0.00    0.00    0.00    0.00    0.00   99.50
Average:       4    1.49    0.00    1.49    0.00    0.00    0.00    0.00    0.00   97.01
Average:       5    0.00    0.00    0.00    0.00    0.00    0.00    0.00    0.00  100.00
Average:       6    0.00    0.00    0.00    0.00    0.00    0.00    0.00    0.00  100.00
Average:       7    0.00    0.00    0.00    0.00    0.00    0.00    0.00    0.00  100.00
Average:       2    0.00    0.00    0.00    0.00    0.00    0.00    0.00    0.00  100.00
Average:       3    0.00    0.00    0.00    0.00    0.00    0.00    0.00    0.00  100.00
Average:       4    0.00    0.00    0.00    0.00    0.00    0.00    0.00    0.00  100.00
Average:       5    0.00    0.00    1.00    0.00    0.00    0.00    0.00    0.00   99.00
Average:       6    0.00    0.00    0.00    0.00    0.00    0.00    0.00    0.00  100.00
Average:       7    0.00    0.00    0.00    0.00    0.00    0.00    0.00    0.00  100.00
Average:       2    0.00    0.00    0.00    0.00    0.00    0.00    0.00    0.00  100.00
Average:       3    0.00    0.00    0.00    0.00    0.00    0.00    0.00    0.00  100.00
Average:       4    0.00    0.00    0.00    0.00    0.00    0.00    0.00    0.00  100.00
Average:       5    0.00    0.00    0.00    0.00    0.00    0.00    0.00    0.00  100.00
Average:       6    0.00    0.00    0.00    0.00    0.00    0.00    0.00    0.00  100.00
Average:       7    0.00    0.00    0.00    0.00    0.00    0.00    0.00    0.00  100.00
Average:       2    0.00    0.00    0.00    0.00    0.00    0.00    0.00    0.00  100.00
Average:       3    0.00    0.00    0.00    0.00    0.00    0.00    0.00    0.00  100.00
Average:       4    0.00    0.00    0.00    0.00    0.00    0.00    0.00    0.00  100.00
Average:       5    0.00    0.00    0.00    0.00    0.00    0.00    0.00    0.00  100.00
Average:       6    0.00    0.00    0.00    0.00    0.00    0.00    0.00    0.00  100.00
Average:       7    0.00    0.00    0.00    0.00    0.00    0.00    0.00    0.00  100.00
Average:       2    0.00    0.00    0.00    0.00    0.00    0.00    0.00    0.00  100.00
Average:       3    0.00    0.00    0.00    0.00    0.00    0.00    0.00    0.00  100.00
Average:       4    0.00    0.00    0.00    0.00    0.00    0.00    0.00    0.00  100.00
Average:       5    0.00    0.00    0.00    0.00    0.00    0.00    0.00    0.00  100.00
Average:       6    0.00    0.00    0.00    0.00    0.00    0.00    0.00    0.00  100.00
Average:       7    0.00    0.00    0.00    0.00    0.00    0.00    0.00    0.00  100.00
Average:       2    0.00    0.00    0.00    0.00    0.00    0.00    0.00    0.00  100.00
Average:       3    0.00    0.00    0.00    0.00    0.00    0.00    0.00    0.00  100.00
Average:       4    0.00    0.00    0.00    0.00    0.00    0.00    0.00    0.00  100.00
Average:       5    0.00    0.00    0.00    0.00    0.00    0.00    0.00    0.00  100.00
Average:       6    0.00    0.00    0.00    0.00    0.00    0.00    0.00    0.00  100.00
Average:       7    0.00    0.00    0.00    0.00    0.00    0.00    0.00    0.00  100.00
Average:       2    0.00    0.00    0.00    0.00    0.00    0.00    0.00    0.00  100.00
Average:       3    0.00    0.00    0.00    0.00    0.00    0.00    0.00    0.00  100.00
Average:       4    0.00    0.00    0.00    0.00    0.00    0.00    0.00    0.00  100.00
Average:       5    0.00    0.00    0.00    0.00    0.00    0.00    0.00    0.00  100.00
Average:       6    0.00    0.00    0.00    0.00    0.00    0.00    0.00    0.00  100.00
Average:       7    0.00    0.00    2.00    0.00    0.00    0.00    0.00    0.00   98.00
Average:       2    0.00    0.00    0.00    0.00    0.00    0.00    0.00    0.00  100.00
Average:       3    0.00    0.00    0.00    0.00    0.00    0.00    0.00    0.00  100.00
Average:       4    0.00    0.00    0.00    0.00    0.00    0.00    0.00    0.00  100.00
Average:       5    0.00    0.00    0.00    0.00    0.00    0.00    0.00    0.00  100.00
Average:       6    0.00    0.00    0.00    0.00    0.00    0.00    0.00    0.00  100.00
Average:       7    0.00    0.00    0.50    0.00    0.00    0.00    0.00    0.00   99.50
Average:       2    0.00    0.00    1.98    5.45    0.00    0.00    0.00    0.00   92.57
Average:       3    0.00    0.00    0.00    0.00    0.00    0.00    0.00    0.00  100.00
Average:       4    1.01    0.00    0.50    0.00    0.00    0.00    0.00    0.00   98.49
Average:       5    0.00    0.00    0.00    0.00    0.00    0.00    0.00    0.00  100.00
Average:       6    0.00    0.00    0.00    0.00    0.00    0.00    0.00    0.00  100.00
Average:       7    0.00    0.00    0.00    0.00    0.00    0.00    0.00    0.00  100.00
Average:       2    0.00    0.00    0.00    0.00    0.00    0.00    0.00    0.00  100.00
Average:       3    0.00    0.00    0.00    0.00    0.00    0.00    0.00    0.00  100.00
Average:       4    0.00    0.00    0.00    0.00    0.00    0.00    0.00    0.00  100.00
Average:       5    0.00    0.00    0.00    0.00    0.00    0.00    0.00    0.00  100.00
Average:       6    0.00    0.00    0.00    0.00    0.00    0.00    0.00    0.00  100.00
Average:       7    0.00    0.00    0.00    0.00    0.00    0.00    0.00    0.00  100.00
Average:       2    0.00    0.00    0.00    0.00    0.00    0.00    0.00    0.00  100.00
Average:       3    0.00    0.00    0.00    0.00    0.00    0.00    0.00    0.00  100.00
Average:       4    0.00    0.00    0.00    0.00    0.00    0.00    0.00    0.00  100.00
Average:       5    0.00    0.00    0.00    0.00    0.00    0.00    0.00    0.00  100.00
Average:       6    0.00    0.00    0.00    0.00    0.00    0.00    0.00    0.00  100.00
Average:       7    0.00    0.00    0.00    0.00    0.00    0.00    0.00    0.00  100.00
Average:       2    0.00    0.00    0.00    0.00    0.00    0.00    0.00    0.00  100.00
Average:       3    0.00    0.00    0.00    0.00    0.00    0.00    0.00    0.00  100.00
Average:       4    0.00    0.00    0.00    0.00    0.00    0.00    0.50    0.00   99.50
Average:       5    0.00    0.00    0.00    0.00    0.00    0.00    0.00    0.00  100.00
Average:       6    0.00    0.00    0.00    0.00    0.00    0.00    0.00    0.00  100.00
Average:       7    0.00    0.00    0.00    0.00    0.00    0.00    0.00    0.00  100.00
Average:       2    0.00    0.00    0.00    0.00    0.00    0.00    0.00    0.00  100.00
Average:       3    0.00    0.00    0.00    0.00    0.00    0.00    0.00    0.00  100.00
Average:       4    0.00    0.00    0.00    0.00    0.00    0.00    0.00    0.00  100.00
Average:       5    0.00    0.00    0.00    0.00    0.00    0.00    0.00    0.00  100.00
Average:       6    0.00    0.00    0.00    0.00    0.00    0.00    0.00    0.00  100.00
Average:       7    0.00    0.00    0.00    0.00    0.00    0.00    0.00    0.00  100.00
Average:       2    0.00    0.00    0.00    0.00    0.00    0.00    0.00    0.00  100.00
Average:       3    0.00    0.00    0.50    0.00    0.00    0.00    0.00    0.00   99.50
Average:       4    0.00    0.00    0.00    0.00    0.00    0.00    0.00    0.00  100.00
Average:       5    0.00    0.00    0.00    0.00    0.00    0.00    0.00    0.00  100.00
Average:       6    0.00    0.00    0.00    0.00    0.00    0.00    0.00    0.00  100.00
Average:       7    0.00    0.00    0.00    0.00    0.00    0.00    0.00    0.00  100.00
Average:       2    0.00    0.00    0.00    0.00    0.00    0.00    0.00    0.00  100.00
Average:       3    0.00    0.00    0.00    0.00    0.00    0.00    0.00    0.00  100.00
Average:       4    0.00    0.00    0.00    0.00    0.00    0.00    0.00    0.00  100.00
Average:       5    0.00    0.00    0.00    0.00    0.00    0.00    0.00    0.00  100.00
Average:       6    0.00    0.00    0.00    0.00    0.00    0.00    0.00    0.00  100.00
Average:       7    0.00    0.00    0.00    0.00    0.00    0.00    0.00    0.00  100.00
Average:       2    0.00    0.00    0.00    0.00    0.00    0.00    0.00    0.00  100.00
Average:       3    0.00    0.00    0.00    0.00    0.00    0.00    0.00    0.00  100.00
Average:       4    0.00    0.00    0.00    0.00    0.00    0.00    0.00    0.00  100.00
Average:       5    0.00    0.00    0.00    0.00    0.00    0.00    0.00    0.00  100.00
Average:       6    0.00    0.00    0.00    0.00    0.00    0.00    0.00    0.00  100.00
Average:       7    0.00    0.00    0.00    0.00    0.00    0.00    0.00    0.00  100.00
Average:       2    0.00    0.00    0.00    0.00    0.00    0.00    0.00    0.00  100.00
Average:       3    0.00    0.00    0.00    0.00    0.00    0.00    0.00    0.00  100.00
Average:       4    0.00    0.00    0.00    0.00    0.00    0.00    0.00    0.00  100.00
Average:       5    0.00    0.00    0.00    0.00    0.00    0.00    0.00    0.00  100.00
Average:       6    0.00    0.00    0.00    0.00    0.00    0.00    0.00    0.00  100.00
Average:       7    0.00    0.00    0.00    0.00    0.00    0.00    0.00    0.00  100.00
Average:       2    0.00    0.00    0.50    0.00    0.00    0.00    0.00    0.00   99.50
Average:       3    0.00    0.00    0.50    0.00    0.00    0.00    0.00    0.00   99.50
Average:       4    1.00    0.00    1.50    0.00    0.00    0.00    0.00    0.00   97.50
Average:       5    0.00    0.00    0.00    0.00    0.00    0.00    0.00    0.00  100.00
Average:       6    0.00    0.00    0.00    0.00    0.00    0.00    0.00    0.00  100.00
Average:       7    0.00    0.00    0.00    0.00    0.00    0.00    0.00    0.00  100.00
Average:       2    0.00    0.00    0.00    0.00    0.00    0.00    0.00    0.00  100.00
Average:       3    0.00    0.00    0.00    0.00    0.00    0.00    0.00    0.00  100.00
Average:       4    0.00    0.00    0.00    0.00    0.00    0.00    0.00    0.00  100.00
Average:       5    0.00    0.00    0.00    0.00    0.00    0.00    0.00    0.00  100.00
Average:       6    0.50    0.00    0.00    0.00    0.00    0.00    0.00    0.00   99.50
Average:       7    0.00    0.00    0.00    0.00    0.00    0.00    0.50    0.00   99.50
Average:       2    0.00    0.00    0.00    0.00    0.00    0.00    0.00    0.00  100.00
Average:       3    0.00    0.00    0.00    0.00    0.00    0.00    0.00    0.00  100.00
Average:       4    0.00    0.00    0.00    0.00    0.00    0.00    0.00    0.00  100.00
Average:       5    0.00    0.00    0.00    0.00    0.00    0.00    0.00    0.00  100.00
Average:       6    0.00    0.00    0.00    0.00    0.00    0.00    0.00    0.00  100.00
Average:       7    0.00    0.00    0.00    0.00    0.00    0.00    0.00    0.00  100.00
Average:       2    0.00    0.00    0.00    0.00    0.00    0.00    0.00    0.00  100.00
Average:       3    0.00    0.00    0.00    0.00    0.00    0.00    0.00    0.00  100.00
Average:       4    0.00    0.00    0.00    0.00    0.00    0.00    0.00    0.00  100.00
Average:       5    0.00    0.00    0.00    0.00    0.00    0.00    0.00    0.00  100.00
Average:       6    0.00    0.00    0.00    0.00    0.00    0.00    0.00    0.00  100.00
Average:       7    0.00    0.00    0.00    0.00    0.00    0.00    0.00    0.00  100.00
Average:       2    0.00    0.00    0.00    0.00    0.00    0.00    0.00    0.00  100.00
Average:       3    0.00    0.00    0.00    0.00    0.00    0.00    0.00    0.00  100.00
Average:       4    0.00    0.00    0.00    0.00    0.00    0.00    0.00    0.00  100.00
Average:       5    0.00    0.00    0.00    0.00    0.00    0.00    0.00    0.00  100.00
Average:       6    0.00    0.00    0.00    0.00    0.00    0.00    0.00    0.00  100.00
Average:       7    0.00    0.00    0.00    0.00    0.00    0.00    0.00    0.00  100.00
Average:       2    0.00    0.00    0.00    0.00    0.00    0.00    0.00    0.00  100.00
Average:       3    0.00    0.00    0.00    0.00    0.00    0.00    0.00    0.00  100.00
Average:       4    0.00    0.00    0.00    0.00    0.00    0.00    0.00    0.00  100.00
Average:       5    0.00    0.00    0.00    0.00    0.00    0.00    0.00    0.00  100.00
Average:       6    0.00    0.00    0.00    0.00    0.00    0.00    0.00    0.00  100.00
Average:       7    0.00    0.00    0.00    0.00    0.00    0.00    0.00    0.00  100.00
Average:       2    0.00    0.00    0.00    0.00    0.00    0.00    0.00    0.00  100.00
Average:       3    0.00    0.00    0.00    0.00    0.00    0.00    0.00    0.00  100.00
Average:       4    0.00    0.00    0.00    0.00    0.00    0.00    0.00    0.00  100.00
Average:       5    0.00    0.00    0.00    0.00    0.00    0.00    0.00    0.00  100.00
Average:       6    0.00    0.00    0.00    0.00    0.00    0.00    0.00    0.00  100.00
Average:       7    0.00    0.00    0.00    0.00    0.00    0.00    0.00    0.00  100.00
Average:       2    0.00    0.00    0.00    0.00    0.00    0.00    0.00    0.00  100.00
Average:       3    0.00    0.00    0.00    0.00    0.00    0.00    0.00    0.00  100.00
Average:       4    0.00    0.00    0.00    0.00    0.00    0.00    0.00    0.00  100.00
Average:       5    0.00    0.00    0.00    0.00    0.00    0.00    0.00    0.00  100.00
Average:       6    0.00    0.00    0.00    0.00    0.00    0.00    0.00    0.00  100.00
Average:       7    0.00    0.00    0.00    0.00    0.00    0.00    0.00    0.00  100.00
Average:       2    0.00    0.00    0.00    0.00    0.00    0.00    0.00    0.00  100.00
Average:       3    0.00    0.00    0.50    0.00    0.00    0.00    0.00    0.00   99.50
Average:       4    1.50    0.00    1.00    0.00    0.00    0.00    0.00    0.00   97.50
Average:       5    0.00    0.00    0.00    0.00    0.00    0.00    0.00    0.00  100.00
Average:       6    0.50    0.00    0.00    0.00    0.00    0.00    0.00    0.00   99.50
Average:       7    0.00    0.00    0.00    0.00    0.00    0.00    0.00    0.00  100.00
Average:       2    0.00    0.00    2.00    0.00    0.00    0.00    0.00    0.00   98.00
Average:       3    0.00    0.00    0.00    0.00    0.00    0.00    0.00    0.00  100.00
Average:       4    0.00    0.00    0.00    0.00    0.00    0.00    0.00    0.00  100.00
Average:       5    0.00    0.00    0.00    0.00    0.00    0.00    0.00    0.00  100.00
Average:       6    0.00    0.00    0.00    0.00    0.00    0.00    0.00    0.00  100.00
Average:       7    0.00    0.00    0.00    0.00    0.00    0.00    0.00    0.00  100.00
Average:       2    0.00    0.00    0.00    0.00    0.00    0.00    0.00    0.00  100.00
Average:       3    0.00    0.00    0.00    0.00    0.00    0.00    0.00    0.00  100.00
Average:       4    0.00    0.00    0.00    0.00    0.00    0.00    0.00    0.00  100.00
Average:       5    0.00    0.00    0.00    0.00    0.00    0.00    0.00    0.00  100.00
Average:       6    0.00    0.00    0.00    0.00    0.00    0.00    0.00    0.00  100.00
Average:       7    0.00    0.00    0.00    0.00    0.00    0.00    0.00    0.00  100.00
Average:       2    0.00    0.00    0.00    0.00    0.00    0.00    0.00    0.00  100.00
Average:       3    0.00    0.00    0.00    0.00    0.00    0.00    0.00    0.00  100.00
Average:       4    0.00    0.00    0.00    0.00    0.00    0.00    0.00    0.00  100.00
Average:       5    0.00    0.00    0.00    0.00    0.00    0.00    0.00    0.00  100.00
Average:       6    0.00    0.00    0.00    0.00    0.00    0.00    0.00    0.00  100.00
Average:       7    0.00    0.00    0.00    0.00    0.00    0.00    0.00    0.00  100.00
Average:       2    0.00    0.00    0.00    0.00    0.00    0.00    0.00    0.00  100.00
Average:       3    0.00    0.00    0.00    0.00    0.00    0.00    0.00    0.00  100.00
Average:       4    0.00    0.00    0.00    0.00    0.00    0.00    0.00    0.00  100.00
Average:       5    0.00    0.00    0.00    0.00    0.00    0.00    0.00    0.00  100.00
Average:       6    0.00    0.00    0.00    0.00    0.00    0.00    0.00    0.00  100.00
Average:       7    0.00    0.00    1.00    0.00    0.00    0.00    0.00    0.00   99.00
Average:       2    0.00    0.00    0.00    0.00    0.00    0.00    0.00    0.00  100.00
Average:       3    0.00    0.00    0.50    0.00    0.00    0.00    0.00    0.00   99.50
Average:       4    2.00    0.00    1.50    0.00    0.00    0.00    0.00    0.00   96.50
Average:       5    0.00    0.00    0.00    0.00    0.00    0.00    0.00    0.00  100.00
Average:       6    0.50    0.00    0.00    0.00    0.00    0.00    0.00    0.00   99.50
Average:       7    0.00    0.00    0.00    0.00    0.00    0.00    0.00    0.00  100.00
Average:       2    0.00    0.00    0.00    0.00    0.00    0.00    0.00    0.00  100.00
Average:       3    0.00    0.00    0.00    0.00    0.00    0.00    0.00    0.00  100.00
Average:       4    0.00    0.00    0.00    0.00    0.00    0.00    0.00    0.00  100.00
Average:       5    0.00    0.00    0.00    0.00    0.00    0.00    0.00    0.00  100.00
Average:       6    0.00    0.00    0.00    0.00    0.00    0.00    0.00    0.00  100.00
Average:       7    0.00    0.00    0.00    0.00    0.00    0.00    0.00    0.00  100.00
Average:       2    0.00    0.00    0.00    0.00    0.00    0.00    0.00    0.00  100.00
Average:       3    0.00    0.00    0.00    0.00    0.00    0.00    0.00    0.00  100.00
Average:       4    0.00    0.00    0.00    0.00    0.00    0.00    0.00    0.00  100.00
Average:       5    0.00    0.00    0.00    0.00    0.00    0.00    0.00    0.00  100.00
Average:       6    0.00    0.00    0.00    0.00    0.00    0.00    0.00    0.00  100.00
Average:       7    0.00    0.00    0.00    0.00    0.00    0.00    0.00    0.00  100.00
Average:       2    0.00    0.00    0.00    0.00    0.00    0.00    0.00    0.00  100.00
Average:       3    0.00    0.00    0.00    0.00    0.00    0.00    0.00    0.00  100.00
Average:       4    0.00    0.00    0.00    0.00    0.00    0.00    0.00    0.00  100.00
Average:       5    0.00    0.00    0.00    0.00    0.00    0.00    0.00    0.00  100.00
Average:       6    0.00    0.00    0.00    0.00    0.00    0.00    0.00    0.00  100.00
Average:       7    0.00    0.00    0.00    0.00    0.00    0.00    0.00    0.00  100.00
Average:       2    0.00    0.00    0.00    0.00    0.00    0.00    0.00    0.00  100.00
Average:       3    0.00    0.00    1.00    0.00    0.00    0.00    0.00    0.00   99.00
Average:       4    0.00    0.00    0.00    0.00    0.00    0.00    0.00    0.00  100.00
Average:       5    0.00    0.00    0.00    0.00    0.00    0.00    0.00    0.00  100.00
Average:       6    0.00    0.00    0.00    0.00    0.00    0.00    0.00    0.00  100.00
Average:       7    0.00    0.00    0.00    0.00    0.00    0.00    0.00    0.00  100.00
Average:       2    0.00    0.00    0.00    0.00    0.00    0.00    0.00    0.00  100.00
Average:       3    0.00    0.00    0.00    0.00    0.00    0.00    0.00    0.00  100.00
Average:       4    0.00    0.00    0.00    0.00    0.00    0.00    0.00    0.00  100.00
Average:       5    0.00    0.00    0.00    0.00    0.00    0.00    0.00    0.00  100.00
Average:       6    0.00    0.00    0.00    0.00    0.00    0.00    0.00    0.00  100.00
Average:       7    0.00    0.00    0.00    0.00    0.00    0.00    0.00    0.00  100.00
Average:       2    0.00    0.00    0.50    0.00    0.00    0.00    0.00    0.00   99.50
Average:       3    0.00    0.00    0.00    0.00    0.00    0.00    0.00    0.00  100.00
Average:       4    0.00    0.00    0.00    0.00    0.00    0.00    0.00    0.00  100.00
Average:       5    0.00    0.00    0.00    0.00    0.00    0.00    0.00    0.00  100.00
Average:       6    0.00    0.00    0.00    0.00    0.00    0.00    0.00    0.00  100.00
Average:       7    0.00    0.00    0.00    0.00    0.00    0.00    0.00    0.00  100.00
Average:       2    0.00    0.00    0.00    0.00    0.00    0.00    0.00    0.00  100.00
Average:       3    0.00    0.00    0.00    0.00    0.00    0.00    0.00    0.00  100.00
Average:       4    1.49    0.00    1.49    0.00    0.00    0.00    0.00    0.00   97.01
Average:       5    0.00    0.00    0.00    0.00    0.00    0.00    0.00    0.00  100.00
Average:       6    0.00    0.00    0.00    0.00    0.00    0.00    0.00    0.00  100.00
Average:       7    0.00    0.00    0.00    0.00    0.00    0.00    0.00    0.00  100.00
Average:       2    0.00    0.00    0.00    0.00    0.00    0.00    0.00    0.00  100.00
Average:       3    0.00    0.00    0.00    0.00    0.00    0.00    0.00    0.00  100.00
Average:       4    0.00    0.00    0.00    0.00    0.00    0.00    0.00    0.00  100.00
Average:       5    0.00    0.00    0.00    0.00    0.00    0.00    0.00    0.00  100.00
Average:       6    0.00    0.00    0.00    0.00    0.00    0.00    0.00    0.00  100.00
Average:       7    0.00    0.00    0.00    0.00    0.00    0.00    0.00    0.00  100.00
Average:       2    0.00    0.00    0.50    0.00    0.00    0.00    0.00    0.00   99.50
Average:       3    0.00    0.00    0.99    0.00    0.00    0.00    0.00    0.00   99.01
Average:       4    0.00    0.00    0.50    0.00    0.00    0.00    0.00    0.00   99.50
Average:       5    0.00    0.00    0.00    0.00    0.00    0.00    0.00    0.00  100.00
Average:       6    0.00    0.00    0.00    0.50    0.00    0.00    0.00    0.00   99.50
Average:       7    0.00    0.00    0.50    0.50    0.00    0.00    0.00    0.00   99.00
Average:       2    0.00    0.00    0.00    0.00    0.00    0.00    0.00    0.00  100.00
Average:       3    0.00    0.00    0.00    0.00    0.00    0.00    0.00    0.00  100.00
Average:       4    0.00    0.00    0.00    0.00    0.00    0.00    0.00    0.00  100.00
Average:       5    0.00    0.00    0.00    0.00    0.00    0.00    0.00    0.00  100.00
Average:       6    0.00    0.00    0.00    0.00    0.00    0.00    0.00    0.00  100.00
Average:       7    0.00    0.00    0.00    0.00    0.00    0.00    0.00    0.00  100.00
Average:       2    0.00    0.00    0.00    0.00    0.00    0.00    0.00    0.00  100.00
Average:       3    0.00    0.00    0.00    0.00    0.00    0.00    0.00    0.00  100.00
Average:       4    0.00    0.00    0.00    0.00    0.00    0.00    0.00    0.00  100.00
Average:       5    0.00    0.00    0.00    0.00    0.00    0.00    0.00    0.00  100.00
Average:       6    0.00    0.00    0.00    0.00    0.00    0.00    0.00    0.00  100.00
Average:       7    0.00    0.00    0.00    0.00    0.00    0.00    0.00    0.00  100.00
Average:       2    0.00    0.00    1.02    0.00    0.00    0.00    0.51    0.00   98.48
Average:       3    0.00    0.00    0.50    0.50    0.00    0.00    0.00    0.00   99.00
Average:       4    0.00    0.00    0.00    0.00    0.00    0.00    0.00    0.00  100.00
Average:       5    0.50    0.00    0.00    0.00    0.00    0.00    0.00    0.00   99.50
Average:       6    0.00    0.00    0.00    0.00    0.00    0.50    0.00    0.00   99.50
Average:       7    0.50    0.00    0.00    0.00    0.00    0.00    0.00    0.00   99.50
Average:       2    0.00    0.00    0.00    0.00    0.00    0.00    0.00    0.00  100.00
Average:       3    0.00    0.00    0.00    0.00    0.00    0.00    0.00    0.00  100.00
Average:       4    0.00    0.00    0.00    0.00    0.00    0.00    0.00    0.00  100.00
Average:       5    0.00    0.00    0.00    0.00    0.00    0.00    0.00    0.00  100.00
Average:       6    0.00    0.00    0.00    0.00    0.00    0.00    0.00    0.00  100.00
Average:       7    0.00    0.00    0.00    0.00    0.00    0.00    0.00    0.00  100.00
Average:       2    0.00    0.00    0.00    0.00    0.00    0.00    0.00    0.00  100.00
Average:       3    0.00    0.00    0.00    0.00    0.00    0.00    0.00    0.00  100.00
Average:       4    0.00    0.00    0.00    0.00    0.00    0.00    0.00    0.00  100.00
Average:       5    0.00    0.00    0.00    0.00    0.00    0.00    0.00    0.00  100.00
Average:       6    0.00    0.00    0.00    0.00    0.00    0.00    0.00    0.00  100.00
Average:       7    0.00    0.00    0.00    0.00    0.00    0.00    0.00    0.00  100.00
Average:       2    0.51    0.00    0.51    0.51    0.00    0.00    0.00    0.00   98.48
Average:       3    0.51    0.00    0.00    0.00    0.00    0.00    0.51    0.00   98.99
Average:       4    0.00    0.00    0.00    0.00    0.00    0.00    0.00    0.00  100.00
Average:       5    0.00    0.00    0.50    0.00    0.00    0.00    0.00    0.00   99.50
Average:       6    0.00    0.00    0.50    0.00    0.00    0.00    0.00    0.00   99.50
Average:       7    0.00    0.00    0.00    0.00    0.00    0.00    0.00    0.00  100.00
Average:       2    0.00    0.00    1.03    0.00    0.00    0.00    0.00    0.00   98.97
Average:       3    0.00    0.00    0.50    1.00    0.00    0.00    0.00    0.00   98.51
Average:       4    0.00    0.00    0.50    0.00    0.00    0.00    0.00    0.00   99.50
Average:       5    0.00    0.00    0.00    0.00    0.00    0.00    0.00    0.00  100.00
Average:       6    0.00    0.00    0.00    0.00    0.00    0.00    0.00    0.00  100.00
Average:       7    0.00    0.00    0.50    0.00    0.00    0.00    0.00    0.00   99.50
Average:       2    0.00    0.00    0.51    0.00    0.00    0.00    0.00    0.00   99.49
Average:       3    0.00    0.00    0.50    0.50    0.00    0.00    0.00    0.00   99.00
Average:       4    0.00    0.00    0.50    0.50    0.00    0.00    0.00    0.00   99.00
Average:       5    0.00    0.00    0.00    0.00    0.00    0.00    0.00    0.00  100.00
Average:       6    0.00    0.00    0.00    0.00    0.00    0.00    0.00    0.00  100.00
Average:       7    0.00    0.00    0.00    0.00    0.00    0.00    0.00    0.00  100.00
Average:       2    0.00    0.00    0.00    0.00    0.00    0.00    0.51    0.00   99.49
Average:       3    0.50    0.00    0.00    0.00    0.00    0.00    0.00    0.00   99.50
Average:       4    0.00    0.00    0.00    0.00    0.00    0.00    0.00    0.00  100.00
Average:       5    0.00    0.00    0.00    0.00    0.00    0.00    0.00    0.00  100.00
Average:       6    0.00    0.00    0.00    0.00    0.00    0.00    0.00    0.00  100.00
Average:       7    0.00    0.00    0.00    0.00    0.00    0.00    0.00    0.00  100.00
Average:       2    0.00    0.00    0.51    0.00    0.00    0.00    0.00    0.00   99.49
Average:       3    0.00    0.00    0.50    0.50    0.00    0.00    0.00    0.00   99.00
Average:       4    0.00    0.00    0.00    0.00    0.00    0.00    0.00    0.00  100.00
Average:       5    0.00    0.00    0.50    0.00    0.00    0.00    0.00    0.00   99.50
Average:       6    0.00    0.00    0.00    0.00    0.00    0.00    0.00    0.00  100.00
Average:       7    0.00    0.00    0.50    0.00    0.00    0.00    0.00    0.00   99.50
Average:       2    0.00    0.00    0.00    0.00    0.00    0.00    0.00    0.00  100.00
Average:       3    0.00    0.00    0.00    0.00    0.00    0.00    0.00    0.00  100.00
Average:       4    0.00    0.00    0.00    0.00    0.00    0.00    0.00    0.00  100.00
Average:       5    0.00    0.00    0.50    0.00    0.00    0.00    0.00    0.00   99.50
Average:       6    0.00    0.00    0.00    0.00    0.00    0.00    0.00    0.00  100.00
Average:       7    0.00    0.00    0.00    0.00    0.00    0.00    0.00    0.00  100.00
Average:       2    0.00    0.00    0.00    0.00    0.00    0.00    0.51    0.00   99.49
Average:       3    0.00    0.00    0.00    0.50    0.00    0.00    0.00    0.00   99.50
Average:       4    0.00    0.00    0.50    0.00    0.00    0.00    0.00    0.00   99.50
Average:       5    0.00    0.00    0.00    0.00    0.00    0.00    0.00    0.00  100.00
Average:       6    0.50    0.00    0.00    0.00    0.00    0.00    0.00    0.00   99.50
Average:       7    0.00    0.00    0.00    0.00    0.00    0.00    0.00    0.00  100.00
Average:       2    0.00    0.00    1.02    0.51    0.00    0.00    0.51    0.00   97.97
Average:       3    0.00    0.00    0.50    0.00    0.00    0.00    0.00    0.00   99.50
Average:       4    0.50    0.00    0.00    0.00    0.00    0.00    0.00    0.00   99.50
Average:       5    0.00    0.00    0.00    0.00    0.00    0.00    0.00    0.00  100.00
Average:       6    0.00    0.00    0.00    0.00    0.00    0.00    0.00    0.00  100.00
Average:       7    0.00    0.00    0.50    0.00    0.00    0.00    0.00    0.00   99.50
Average:       2    0.00    0.00    0.00    0.51    0.00    0.00    0.00    0.00   99.49
Average:       3   16.92    0.00    1.00    0.00    0.00    0.00    0.00    0.00   82.09
Average:       4    0.50    0.00    0.00    0.00    0.00    0.00    0.00    0.00   99.50
Average:       5    0.00    0.00    0.00    0.00    0.00    0.00    0.00    0.00  100.00
Average:       6    0.00    0.00    0.00    0.00    0.00    0.00    0.00    0.00  100.00
Average:       7    0.00    0.00    0.50    0.00    0.00    0.00    0.00    0.00   99.50
Average:       2    0.00    0.00    0.51    0.51    0.00    0.00    0.51    0.00   98.48
Average:       3    0.00    0.00    0.00    0.00    0.00    0.00    0.00    0.00  100.00
Average:       4    0.00    0.00    0.50    0.00    0.00    0.00    0.00    0.00   99.50
Average:       5    0.00    0.00    0.00    0.00    0.00    0.00    0.00    0.00  100.00
Average:       6    0.00    0.00    0.50    0.00    0.00    0.00    0.00    0.00   99.50
Average:       7    0.00    0.00    0.50    0.00    0.00    0.00    0.00    0.00   99.50
Average:       2    0.00    0.00    0.00    0.00    0.00    0.00    0.00    0.00  100.00
Average:       3    0.00    0.00    0.00    0.00    0.00    0.00    0.00    0.00  100.00
Average:       4    5.97    0.00    0.50    0.00    0.00    0.00    0.00    0.00   93.53
Average:       5    0.00    0.00    0.50    0.50    0.00    0.00    0.00    0.00   99.00
Average:       6   90.05    0.00    1.49    0.00    0.00    0.00    0.00    0.00    8.46
Average:       7    0.00    0.00    0.00    0.00    0.00    0.00    0.00    0.00  100.00
Average:       2    0.00    0.00    0.00    0.00    0.00    0.00    0.00    0.00  100.00
Average:       3    0.00    0.00    0.00    0.00    0.00    0.00    0.00    0.00  100.00
Average:       4    0.00    0.00    0.00    0.00    0.00    0.00    0.00    0.00  100.00
Average:       5    0.00    0.00    0.00    0.00    0.00    0.00    0.00    0.00  100.00
Average:       6    0.00    0.00    0.00    0.00    0.00    0.00    0.00    0.00  100.00
Average:       7    0.00    0.00    0.00    0.00    0.00    0.00    0.00    0.00  100.00
Average:       2    0.00    0.00    0.50    0.00    0.00    0.00    0.00    0.00   99.50
Average:       3    0.00    0.00    0.00    0.00    0.00    0.00    0.00    0.00  100.00
Average:       4    0.00    0.00    0.00    0.00    0.00    0.00    0.00    0.00  100.00
Average:       5    0.00    0.00    0.00    0.00    0.00    0.00    0.00    0.00  100.00
Average:       6    0.00    0.00    0.00    0.00    0.00    0.00    0.00    0.00  100.00
Average:       7    0.00    0.00    0.00    0.00    0.00    0.00    0.00    0.00  100.00
Average:       2    0.00    0.00    0.00    0.00    0.00    0.00    0.00    0.00  100.00
Average:       3    0.00    0.00    0.00    0.00    0.00    0.00    0.00    0.00  100.00
Average:       4    0.00    0.00    0.00    0.00    0.00    0.00    0.00    0.00  100.00
Average:       5    0.00    0.00    0.00    0.00    0.00    0.00    0.00    0.00  100.00
Average:       6    0.00    0.00    0.00    0.00    0.00    0.00    0.00    0.00  100.00
Average:       7    0.00    0.00    0.00    0.00    0.00    0.00    0.00    0.00  100.00
Average:       2    0.00    0.00    0.00    0.00    0.00    0.00    0.00    0.00  100.00
Average:       3    0.00    0.00    0.00    0.00    0.00    0.00    0.00    0.00  100.00
Average:       4    0.00    0.00    0.00    0.00    0.00    0.00    0.00    0.00  100.00
Average:       5    0.00    0.00    0.00    0.00    0.00    0.00    0.00    0.00  100.00
Average:       6    0.00    0.00    0.00    0.00    0.00    0.00    0.00    0.00  100.00
Average:       7    0.00    0.00    0.00    0.00    0.00    0.00    0.00    0.00  100.00
Average:       2    0.00    0.00    1.00    0.00    0.00    0.00    0.00    0.00   99.00
Average:       3    0.00    0.00    1.98    0.00    0.00    0.00    0.00    0.00   98.02
Average:       4    0.50    0.00    1.00    0.00    0.00    0.00    0.00    0.00   98.50
Average:       5    0.50    0.00    0.50    0.00    0.00    0.00    0.00    0.00   99.00
Average:       6    0.00    0.00    1.00    0.00    0.00    0.00    0.00    0.00   99.00
Average:       7    0.00    0.00    0.50    0.00    0.00    0.00    0.00    0.00   99.50
Average:       2    0.00    0.00    0.00    0.00    0.00    0.00    0.00    0.00  100.00
Average:       3    0.00    0.00    0.00    0.00    0.00    0.00    0.00    0.00  100.00
Average:       4    0.00    0.00    0.00    0.00    0.00    0.00    0.00    0.00  100.00
Average:       5    0.00    0.00    0.00    0.00    0.00    0.00    0.00    0.00  100.00
Average:       6    0.00    0.00    0.00    0.00    0.00    0.00    0.00    0.00  100.00
Average:       7    0.50    0.00    0.00    0.00    0.00    0.00    0.00    0.00   99.50
Average:       2    0.00    0.00    0.00    0.00    0.00    0.00    0.00    0.00  100.00
Average:       3    0.00    0.00    0.00    0.00    0.00    0.00    0.00    0.00  100.00
Average:       4    0.00    0.00    0.50    0.00    0.00    0.00    0.00    0.00   99.50
Average:       5    0.00    0.00    0.00    0.00    0.00    0.00    0.00    0.00  100.00
Average:       6    0.00    0.00    0.00    0.00    0.00    0.00    0.00    0.00  100.00
Average:       7    0.00    0.00    0.50    0.00    0.00    0.00    0.00    0.00   99.50
Average:       2    0.00    0.00    0.00    0.00    0.00    0.00    0.00    0.00  100.00
Average:       3    0.00    0.00    0.00    0.00    0.00    0.00    0.00    0.00  100.00
Average:       4    0.00    0.00    0.00    0.00    0.00    0.00    0.00    0.00  100.00
Average:       5    0.00    0.00    0.00    0.00    0.00    0.00    0.00    0.00  100.00
Average:       6    0.00    0.00    0.00    0.00    0.00    0.00    0.00    0.00  100.00
Average:       7    0.00    0.00    0.00    0.00    0.00    0.00    0.00    0.00  100.00
Average:       2    0.00    0.00    0.00    0.00    0.00    0.00    0.00    0.00  100.00
Average:       3    0.00    0.00    0.00    0.00    0.00    0.00    0.00    0.00  100.00
Average:       4    0.00    0.00    0.00    0.00    0.00    0.00    0.00    0.00  100.00
Average:       5    0.00    0.00    0.00    0.00    0.00    0.00    0.00    0.00  100.00
Average:       6    0.00    0.00    0.00    0.00    0.00    0.00    0.00    0.00  100.00
Average:       7    0.00    0.00    0.00    0.00    0.00    0.00    0.00    0.00  100.00
Average:       2    0.00    0.00    0.00    0.00    0.00    0.00    0.00    0.00  100.00
Average:       3    0.00    0.00    0.00    0.00    0.00    0.00    0.00    0.00  100.00
Average:       4    0.00    0.00    0.00    0.00    0.00    0.00    0.00    0.00  100.00
Average:       5    0.00    0.00    0.00    0.00    0.00    0.00    0.00    0.00  100.00
Average:       6    0.00    0.00    0.00    0.00    0.00    0.00    0.00    0.00  100.00
Average:       7    0.00    0.00    0.00    0.00    0.00    0.00    0.00    0.00  100.00
Average:       2    0.00    0.00    0.00    0.00    0.00    0.00    0.00    0.00  100.00
Average:       3   99.50    0.00    0.50    0.00    0.00    0.00    0.00    0.00    0.00
Average:       4    0.00    0.00    0.00    0.00    0.00    0.00    0.00    0.00  100.00
Average:       5    0.00    0.00    1.00    0.00    0.00    0.00    0.00    0.00   99.00
Average:       6    0.00    0.00    0.00    0.00    0.00    0.00    0.00    0.00  100.00
Average:       7    0.00    0.00    0.00    0.00    0.00    0.00    0.00    0.00  100.00
Average:       2    0.00    0.00    0.00    0.00    0.00    0.00    0.00    0.00  100.00
Average:       3   99.50    0.00    0.50    0.00    0.00    0.00    0.00    0.00    0.00
Average:       4    0.00    0.00    0.00    0.00    0.00    0.00    0.00    0.00  100.00
Average:       5    0.00    0.00    0.00    0.00    0.00    0.00    0.00    0.00  100.00
Average:       6    0.00    0.00    0.00    0.00    0.00    0.00    0.00    0.00  100.00
Average:       7    0.00    0.00    0.00    0.00    0.00    0.00    0.00    0.00  100.00
Average:       2    0.00    0.00    0.00    0.00    0.00    0.00    0.00    0.00  100.00
Average:       3    0.00    0.00    0.00    0.00    0.00    0.00    0.00    0.00  100.00
Average:       4   98.50    0.00    1.50    0.00    0.00    0.00    0.00    0.00    0.00
Average:       5    0.00    0.00    0.00    0.00    0.00    0.00    0.00    0.00  100.00
Average:       6    0.00    0.00    0.00    0.00    0.00    0.00    0.00    0.00  100.00
Average:       7    0.00    0.00    0.00    0.00    0.00    0.00    0.00    0.00  100.00
Average:       2    0.00    0.00    0.00    0.00    0.00    0.00    0.00    0.00  100.00
Average:       3    0.00    0.00    0.00    0.00    0.00    0.00    0.00    0.00  100.00
Average:       4   99.50    0.00    0.50    0.00    0.00    0.00    0.00    0.00    0.00
Average:       5    0.00    0.00    0.00    0.00    0.00    0.00    0.00    0.00  100.00
Average:       6    0.00    0.00    0.00    0.00    0.00    0.00    0.00    0.00  100.00
Average:       7    0.00    0.00    0.00    0.00    0.00    0.00    0.00    0.00  100.00
Average:       2    0.00    0.00    0.00    0.00    0.00    0.00    0.00    0.00  100.00
Average:       3    0.00    0.00    0.00    0.00    0.00    0.00    0.00    0.00  100.00
Average:       4    0.00    0.00    0.00    0.00    0.00    0.00    0.00    0.00  100.00
Average:       5   70.65    0.00    1.49    0.00    0.00    0.00    0.00    0.00   27.86
Average:       6   26.13    0.00    0.50    0.00    0.00    0.00    0.00    0.00   73.37
Average:       7    0.00    0.00    0.00    0.00    0.00    0.00    0.00    0.00  100.00
Average:       2    0.00    0.00    0.00    0.00    0.00    0.00    0.00    0.00  100.00
Average:       3    0.00    0.00    0.00    0.00    0.00    0.00    0.00    0.00  100.00
Average:       4    0.00    0.00    0.00    0.00    0.00    0.00    0.00    0.00  100.00
Average:       5    0.00    0.00    0.00    0.00    0.00    0.00    0.00    0.00  100.00
Average:       6   99.00    0.00    1.00    0.00    0.00    0.00    0.00    0.00    0.00
Average:       7    0.00    0.00    0.00    0.00    0.00    0.00    0.00    0.00  100.00
Average:       2    0.00    0.00    0.00    0.00    0.00    0.00    0.00    0.00  100.00
Average:       3    0.00    0.00    0.00    0.00    0.00    0.00    0.00    0.00  100.00
Average:       4    0.00    0.00    0.50    0.00    0.00    0.00    0.00    0.00   99.50
Average:       5    0.00    0.00    0.00    0.00    0.00    0.00    0.00    0.00  100.00
Average:       6   26.50    0.00    2.00    0.00    0.00    0.00    0.00    0.00   71.50
Average:       7   68.66    0.00    1.99    0.00    0.00    0.00    0.00    0.00   29.35
Average:       2    0.00    0.00    0.00    0.00    0.00    0.00    0.00    0.00  100.00
Average:       3    0.00    0.00    0.00    0.00    0.00    0.00    0.00    0.00  100.00
Average:       4    0.00    0.00    0.00    0.00    0.00    0.00    0.00    0.00  100.00
Average:       5    0.00    0.00    0.00    0.00    0.00    0.00    0.00    0.00  100.00
Average:       6    0.00    0.00    0.00    0.00    0.00    0.00    0.00    0.00  100.00
Average:       7   98.99    0.00    1.01    0.00    0.00    0.00    0.00    0.00    0.00
Average:       2    0.00    0.00    0.00    0.00    0.00    0.00    0.00    0.00  100.00
Average:       3    0.00    0.00    0.00    0.00    0.00    0.00    0.00    0.00  100.00
Average:       4    0.00    0.00    0.00    0.00    0.00    0.00    0.00    0.00  100.00
Average:       5    0.00    0.00    0.00    0.00    0.00    0.00    0.00    0.00  100.00
Average:       6    0.00    0.00    0.00    0.00    0.00    0.00    0.00    0.00  100.00
Average:       7    0.00    0.00    0.00    0.00    0.00    0.00    0.00    0.00  100.00
Average:       2    0.00    0.00    1.51    0.00    0.00    0.00    0.00    0.00   98.49
Average:       3    0.00    0.00    1.01    0.00    0.00    0.00    0.00    0.00   98.99
Average:       4    0.00    0.00    1.51    0.00    0.00    0.00    0.00    0.00   98.49
Average:       5    0.00    0.00    2.50    0.00    0.00    0.00    0.00    0.00   97.50
Average:       6    0.00    0.00    2.01    0.00    0.00    0.00    0.00    0.00   97.99
Average:       7    0.51    0.00    2.02    0.00    0.00    0.00    0.00    0.00   97.47
Average:       2    0.00    0.00    0.00    0.00    0.00    0.00    0.00    0.00  100.00
Average:       3   99.50    0.00    0.50    0.00    0.00    0.00    0.00    0.00    0.00
Average:       4    0.00    0.00    0.00    0.00    0.00    0.00    0.00    0.00  100.00
Average:       5    0.00    0.00    0.00    0.00    0.00    0.00    0.00    0.00  100.00
Average:       6    0.00    0.00    0.00    0.00    0.00    0.00    0.00    0.00  100.00
Average:       7    0.00    0.00    0.00    0.00    0.00    0.00    0.00    0.00  100.00
Average:       2    0.50    0.00    0.00    0.00    0.00    0.00    0.00    0.00   99.50
Average:       3  100.00    0.00    0.00    0.00    0.00    0.00    0.00    0.00    0.00
Average:       4    0.00    0.00    0.00    0.00    0.00    0.00    0.00    0.00  100.00
Average:       5    0.00    0.00    0.00    0.00    0.00    0.00    0.00    0.00  100.00
Average:       6    0.00    0.00    0.00    0.00    0.00    0.00    0.00    0.00  100.00
Average:       7    0.00    0.00    0.00    0.00    0.00    0.00    0.00    0.00  100.00
Average:       2    0.00    0.00    0.00    0.00    0.00    0.00    0.00    0.00  100.00
Average:       3   99.50    0.00    0.50    0.00    0.00    0.00    0.00    0.00    0.00
Average:       4    0.00    0.00    0.00    0.00    0.00    0.00    0.00    0.00  100.00
Average:       5    0.00    0.00    0.00    0.00    0.00    0.00    0.00    0.00  100.00
Average:       6    0.00    0.00    0.00    0.00    0.00    0.00    0.00    0.00  100.00
Average:       7    0.00    0.00    0.00    0.00    0.00    0.00    0.00    0.00  100.00
Average:       2    0.00    0.00    0.00    0.00    0.00    0.00    0.00    0.00  100.00
Average:       3   99.00    0.00    1.00    0.00    0.00    0.00    0.00    0.00    0.00
Average:       4    0.00    0.00    0.00    0.00    0.00    0.00    0.00    0.00  100.00
Average:       5    0.00    0.00    0.00    0.00    0.00    0.00    0.00    0.00  100.00
Average:       6    0.00    0.00    0.00    0.00    0.00    0.00    0.00    0.00  100.00
Average:       7    0.00    0.00    0.00    0.00    0.00    0.00    0.00    0.00  100.00
Average:       2    0.00    0.00    0.00    0.00    0.00    0.00    0.00    0.00  100.00
Average:       3    0.00    0.00    0.00    0.00    0.00    0.00    0.00    0.00  100.00
Average:       4   99.50    0.00    0.50    0.00    0.00    0.00    0.00    0.00    0.00
Average:       5    0.00    0.00    0.00    0.00    0.00    0.00    0.00    0.00  100.00
Average:       6    0.00    0.00    0.00    0.00    0.00    0.00    0.00    0.00  100.00
Average:       7    0.00    0.00    0.00    0.00    0.00    0.00    0.00    0.00  100.00
Average:       2    0.00    0.00    0.00    0.00    0.00    0.00    0.00    0.00  100.00
Average:       3    0.00    0.00    0.00    0.00    0.00    0.00    0.00    0.00  100.00
Average:       4  100.00    0.00    0.00    0.00    0.00    0.00    0.00    0.00    0.00
Average:       5    0.00    0.00    0.00    0.00    0.00    0.00    0.00    0.00  100.00
Average:       6    0.00    0.00    0.00    0.00    0.00    0.00    0.00    0.00  100.00
Average:       7    0.00    0.00    0.00    0.00    0.00    0.00    0.00    0.00  100.00
Average:       2    0.00    0.00    0.00    0.00    0.00    0.00    0.00    0.00  100.00
Average:       3    0.00    0.00    0.00    0.00    0.00    0.00    0.00    0.00  100.00
Average:       4   99.50    0.00    0.50    0.00    0.00    0.00    0.00    0.00    0.00
Average:       5    0.00    0.00    0.00    0.00    0.00    0.00    0.00    0.00  100.00
Average:       6    0.00    0.00    0.00    0.00    0.00    0.00    0.00    0.00  100.00
Average:       7    0.00    0.00    0.00    0.00    0.00    0.00    0.00    0.00  100.00
Average:       2    0.00    0.00    0.00    0.00    0.00    0.00    0.00    0.00  100.00
Average:       3    0.00    0.00    0.00    0.00    0.00    0.00    0.00    0.00  100.00
Average:       4    0.00    0.00    0.00    0.00    0.00    0.00    0.00    0.00  100.00
Average:       5   99.00    0.00    1.00    0.00    0.00    0.00    0.00    0.00    0.00
Average:       6    0.00    0.00    0.00    0.00    0.00    0.00    0.00    0.00  100.00
Average:       7    0.00    0.00    0.00    0.00    0.00    0.00    0.00    0.00  100.00
Average:       2    0.00    0.00    0.00    0.00    0.00    0.00    0.00    0.00  100.00
Average:       3    0.00    0.00    0.00    0.00    0.00    0.00    0.00    0.00  100.00
Average:       4    0.00    0.00    0.00    0.00    0.00    0.00    0.00    0.00  100.00
Average:       5   99.00    0.00    1.00    0.00    0.00    0.00    0.00    0.00    0.00
Average:       6    0.00    0.00    0.50    0.00    0.00    0.00    0.00    0.00   99.50
Average:       7    0.00    0.00    0.00    0.00    0.00    0.00    0.00    0.00  100.00
Average:       2    0.00    0.00    0.00    0.00    0.00    0.00    0.00    0.00  100.00
Average:       3    0.00    0.00    0.00    0.00    0.00    0.00    0.00    0.00  100.00
Average:       4    0.00    0.00    0.00    0.00    0.00    0.00    0.00    0.00  100.00
Average:       5   98.51    0.00    1.49    0.00    0.00    0.00    0.00    0.00    0.00
Average:       6    0.00    0.00    0.00    0.00    0.00    0.00    0.00    0.00  100.00
Average:       7    0.00    0.00    0.00    0.00    0.00    0.00    0.00    0.00  100.00
Average:       2    0.00    0.00    0.00    0.00    0.00    0.00    0.00    0.00  100.00
Average:       3    0.00    0.00    0.00    0.00    0.00    0.00    0.00    0.00  100.00
Average:       4    0.00    0.00    0.00    0.00    0.00    0.00    0.00    0.00  100.00
Average:       5    0.00    0.00    0.00    0.00    0.00    0.00    0.00    0.00  100.00
Average:       6   99.50    0.00    0.50    0.00    0.00    0.00    0.00    0.00    0.00
Average:       7    0.00    0.00    0.00    0.00    0.00    0.00    0.00    0.00  100.00
Average:       2    0.00    0.00    0.00    0.00    0.00    0.00    0.00    0.00  100.00
Average:       3    0.00    0.00    0.00    0.00    0.00    0.00    0.00    0.00  100.00
Average:       4    0.00    0.00    0.00    0.00    0.00    0.00    0.00    0.00  100.00
Average:       5    0.00    0.00    0.00    0.00    0.00    0.00    0.00    0.00  100.00
Average:       6   99.00    0.00    1.00    0.00    0.00    0.00    0.00    0.00    0.00
Average:       7    0.00    0.00    0.00    0.00    0.00    0.00    0.00    0.00  100.00
Average:       2    0.00    0.00    0.00    0.00    0.00    0.00    0.00    0.00  100.00
Average:       3    0.00    0.00    0.00    0.00    0.00    0.00    0.00    0.00  100.00
Average:       4    0.00    0.00    0.00    0.00    0.00    0.00    0.00    0.00  100.00
Average:       5    0.00    0.00    0.00    0.00    0.00    0.00    0.00    0.00  100.00
Average:       6    0.00    0.00    0.00    0.00    0.00    0.00    0.00    0.00  100.00
Average:       7  100.00    0.00    0.00    0.00    0.00    0.00    0.00    0.00    0.00
Average:       2    0.00    0.00    0.00    0.00    0.00    0.00    0.00    0.00  100.00
Average:       3    0.00    0.00    0.00    0.00    0.00    0.00    0.00    0.00  100.00
Average:       4    0.00    0.00    0.00    0.00    0.00    0.00    0.00    0.00  100.00
Average:       5    0.00    0.00    0.00    0.00    0.00    0.00    0.00    0.00  100.00
Average:       6    0.00    0.00    0.00    0.00    0.00    0.00    0.00    0.00  100.00
Average:       7   99.50    0.00    0.50    0.00    0.00    0.00    0.00    0.00    0.00
Average:       2    0.00    0.00    2.01    0.00    0.00    0.00    0.00    0.00   97.99
Average:       3    0.00    0.00    2.00    0.00    0.00    0.00    0.00    0.00   98.00
Average:       4    0.50    0.00    2.50    0.00    0.00    0.00    0.00    0.00   97.00
Average:       5    1.00    0.00    1.00    0.00    0.00    0.00    0.00    0.00   98.01
Average:       6    0.00    0.00    1.52    0.00    0.00    0.00    0.00    0.00   98.48
Average:       7   99.00    0.00    1.00    0.00    0.00    0.00    0.00    0.00    0.00
Average:       2    0.00    0.00    0.00    0.00    0.00    0.00    0.00    0.00  100.00
Average:       3    0.00    0.00    0.00    0.00    0.00    0.00    0.00    0.00  100.00
Average:       4    0.00    0.00    0.00    0.00    0.00    0.00    0.00    0.00  100.00
Average:       5    0.00    0.00    0.00    0.00    0.00    0.00    0.00    0.00  100.00
Average:       6    0.50    0.00    0.00    0.00    0.00    0.00    0.00    0.00   99.50
Average:       7    0.00    0.00    0.00    0.00    0.00    0.00    0.00    0.00  100.00
Average:       2    0.50    0.00    0.00    0.00    0.00    0.00    0.00    0.00   99.50
Average:       3    0.00    0.00    0.00    0.00    0.00    0.00    0.00    0.00  100.00
Average:       4    0.00    0.00    0.00    0.00    0.00    0.00    0.00    0.00  100.00
Average:       5    0.00    0.00    0.00    0.00    0.00    0.00    0.00    0.00  100.00
Average:       6    0.00    0.00    0.00    0.00    0.00    0.00    0.00    0.00  100.00
Average:       7    0.00    0.00    0.00    0.00    0.00    0.00    0.00    0.00  100.00
Average:       2    0.00    0.00    0.00    0.00    0.00    0.00    0.00    0.00  100.00
Average:       3    0.00    0.00    0.50    0.00    0.00    0.00    0.00    0.00   99.50
Average:       4    0.00    0.00    0.00    0.00    0.00    0.00    0.00    0.00  100.00
Average:       5    0.00    0.00    0.00    0.00    0.00    0.00    0.00    0.00  100.00
Average:       6    0.00    0.00    0.50    0.00    0.00    0.00    0.00    0.00   99.50
Average:       7    0.00    0.00    0.00    0.00    0.00    0.00    0.00    0.00  100.00
Average:       2    0.00    0.00    0.00    0.00    0.00    0.00    0.00    0.00  100.00
Average:       3    0.00    0.00    0.00    0.00    0.00    0.00    0.00    0.00  100.00
Average:       4    0.00    0.00    0.00    0.00    0.00    0.00    0.00    0.00  100.00
Average:       5    0.00    0.00    0.00    0.00    0.00    0.00    0.00    0.00  100.00
Average:       6    0.00    0.00    0.00    0.00    0.00    0.00    0.00    0.00  100.00
Average:       7    0.00    0.00    0.00    0.00    0.00    0.00    0.00    0.00  100.00
Average:       2    0.00    0.00    0.00    0.00    0.00    0.00    0.00    0.00  100.00
Average:       3    0.00    0.00    0.00    0.00    0.00    0.00    0.00    0.00  100.00
Average:       4    0.00    0.00    0.00    0.00    0.00    0.00    0.00    0.00  100.00
Average:       5    0.00    0.00    0.00    0.00    0.00    0.00    0.00    0.00  100.00
Average:       6    0.00    0.00    0.00    0.00    0.00    0.00    0.00    0.00  100.00
Average:       7    0.00    0.00    0.00    0.00    0.00    0.00    0.00    0.00  100.00
Average:       2   20.00    0.00    0.00    0.00    0.00    0.00    0.00    0.00   80.00
Average:       3   77.61    0.00    1.49    0.00    0.00    0.00    0.00    0.00   20.90
Average:       4    0.00    0.00    0.00    0.00    0.00    0.00    0.00    0.00  100.00
Average:       5    0.00    0.00    0.00    0.00    0.00    0.00    0.00    0.00  100.00
Average:       6    0.00    0.00    0.50    0.00    0.00    0.00    0.00    0.00   99.50
Average:       7    0.50    0.00    0.00    0.00    0.00    0.00    0.00    0.00   99.50
Average:       2    0.00    0.00    0.00    0.00    0.00    0.00    0.00    0.00  100.00
Average:       3   98.50    0.00    1.50    0.00    0.00    0.00    0.00    0.00    0.00
Average:       4    0.00    0.00    0.50    0.00    0.00    0.00    0.00    0.00   99.50
Average:       5    0.00    0.00    0.00    0.00    0.00    0.00    0.00    0.00  100.00
Average:       6    0.00    0.00    0.00    0.00    0.00    0.00    0.00    0.00  100.00
Average:       7    0.00    0.00    0.00    0.00    0.00    0.00    0.00    0.00  100.00
Average:       2    0.00    0.00    0.00    0.00    0.00    0.00    0.00    0.00  100.00
Average:       3    0.00    0.00    0.00    0.00    0.00    0.00    0.00    0.00  100.00
Average:       4   98.50    0.00    1.50    0.00    0.00    0.00    0.00    0.00    0.00
Average:       5    0.00    0.00    0.00    0.00    0.00    0.00    0.00    0.00  100.00
Average:       6    0.00    0.00    0.00    0.00    0.00    0.00    0.00    0.00  100.00
Average:       7    0.00    0.00    0.00    0.00    0.00    0.00    0.00    0.00  100.00
Average:       2    0.00    0.00    0.00    0.00    0.00    0.00    0.00    0.00  100.00
Average:       3    0.00    0.00    0.00    0.00    0.00    0.00    0.00    0.00  100.00
Average:       4    0.00    0.00    0.00    0.00    0.00    0.00    0.00    0.00  100.00
Average:       5   99.00    0.00    1.00    0.00    0.00    0.00    0.00    0.00    0.00
Average:       6    0.00    0.00    0.00    0.00    0.00    0.00    0.00    0.00  100.00
Average:       7    0.00    0.00    0.00    0.00    0.00    0.00    0.00    0.00  100.00
Average:       2    0.00    0.00    0.00    0.00    0.00    0.00    0.00    0.00  100.00
Average:       3    0.00    0.00    0.00    0.00    0.00    0.00    0.00    0.00  100.00
Average:       4    0.00    0.00    0.00    0.00    0.00    0.00    0.00    0.00  100.00
Average:       5    0.00    0.00    0.00    0.00    0.00    0.00    0.00    0.00  100.00
Average:       6   99.50    0.00    0.50    0.00    0.00    0.00    0.00    0.00    0.00
Average:       7    0.00    0.00    0.00    0.00    0.00    0.00    0.00    0.00  100.00
Average:       2    0.00    0.00    0.00    0.00    0.00    0.00    0.00    0.00  100.00
Average:       3    0.00    0.00    0.00    0.00    0.00    0.00    0.00    0.00  100.00
Average:       4    0.00    0.00    0.00    0.00    0.00    0.00    0.00    0.00  100.00
Average:       5    0.00    0.00    0.50    0.00    0.00    0.00    0.00    0.00   99.50
Average:       6    0.00    0.00    0.00    0.00    0.00    0.00    0.00    0.00  100.00
Average:       7    0.00    0.00    0.00    0.00    0.00    0.00    0.00    0.00  100.00
Average:       2    0.00    0.00    0.00    0.00    0.00    0.00    0.00    0.00  100.00
Average:       3    0.00    0.00    0.50    0.00    0.00    0.00    0.00    0.00   99.50
Average:       4    0.00    0.00    0.00    0.00    0.00    0.00    0.00    0.00  100.00
Average:       5    0.00    0.00    0.00    0.00    0.00    0.00    0.00    0.00  100.00
Average:       6    0.00    0.00    0.50    0.00    0.00    0.00    0.00    0.00   99.50
Average:       7    0.00    0.00    0.00    0.00    0.00    0.00    0.00    0.00  100.00
Average:       2    0.00    0.00    0.00    0.00    0.00    0.00    0.00    0.00  100.00
Average:       3    0.00    0.00    0.00    0.00    0.00    0.00    0.00    0.00  100.00
Average:       4    0.00    0.00    0.00    0.00    0.00    0.00    0.00    0.00  100.00
Average:       5    0.00    0.00    0.00    0.00    0.00    0.00    0.00    0.00  100.00
Average:       6    0.00    0.00    0.00    0.00    0.00    0.00    0.00    0.00  100.00
Average:       7    0.00    0.00    0.00    0.00    0.00    0.00    0.00    0.00  100.00
Average:       2   99.00    0.00    1.00    0.00    0.00    0.00    0.00    0.00    0.00
Average:       3    0.00    0.00    0.00    0.00    0.00    0.00    0.00    0.00  100.00
Average:       4    0.00    0.00    0.00    0.00    0.00    0.00    0.00    0.00  100.00
Average:       5    0.00    0.00    0.00    0.00    0.00    0.00    0.00    0.00  100.00
Average:       6    0.00    0.00    0.00    0.00    0.00    0.00    0.00    0.00  100.00
Average:       7    0.00    0.00    0.00    0.00    0.00    0.00    0.00    0.00  100.00
Average:       2    0.00    0.00    1.51    0.00    0.00    0.00    0.00    0.00   98.49
Average:       3  100.00    0.00    0.00    0.00    0.00    0.00    0.00    0.00    0.00
Average:       4    1.00    0.00    1.50    0.00    0.00    0.00    0.00    0.00   97.50
Average:       5    0.50    0.00    3.00    0.00    0.00    0.00    0.00    0.00   96.50
Average:       6    0.00    0.00    2.00    0.00    0.00    0.00    0.00    0.00   98.00
Average:       7    0.00    0.00    2.01    0.00    0.00    0.00    0.00    0.00   97.99
Average:       2    0.00    0.00    0.00    0.00    0.00    0.00    0.00    0.00  100.00
Average:       3    0.00    0.00    0.00    0.00    0.00    0.00    0.00    0.00  100.00
Average:       4   99.00    0.00    1.00    0.00    0.00    0.00    0.00    0.00    0.00
Average:       5    0.00    0.00    0.00    0.00    0.00    0.00    0.00    0.00  100.00
Average:       6    0.00    0.00    0.00    0.00    0.00    0.00    0.00    0.00  100.00
Average:       7    0.00    0.00    0.00    0.00    0.00    0.00    0.00    0.00  100.00
Average:       2    0.00    0.00    0.00    0.00    0.00    0.00    0.00    0.00  100.00
Average:       3    0.00    0.00    0.00    0.00    0.00    0.00    0.00    0.00  100.00
Average:       4    0.00    0.00    0.50    0.00    0.00    0.00    0.00    0.00   99.50
Average:       5    0.00    0.00    0.00    0.00    0.00    0.00    0.00    0.00  100.00
Average:       6   99.00    0.00    1.00    0.00    0.00    0.00    0.00    0.00    0.00
Average:       7    0.00    0.00    0.50    0.00    0.00    0.00    0.00    0.00   99.50
Average:       2    0.50    0.00    0.00    0.00    0.00    0.00    0.00    0.00   99.50
Average:       3    0.00    0.00    0.50    0.00    0.00    0.00    0.00    0.00   99.50
Average:       4    0.00    0.00    0.00    0.00    0.00    0.00    0.00    0.00  100.00
Average:       5    0.00    0.00    0.00    0.00    0.00    0.00    0.00    0.00  100.00
Average:       6    0.00    0.00    0.00    0.00    0.00    0.00    0.00    0.00  100.00
Average:       7   83.92    0.00    1.01    0.00    0.00    0.00    0.00    0.00   15.08
Average:       2   96.50    0.00    1.50    0.00    0.00    0.00    0.00    0.00    2.00
Average:       3    0.00    0.00    0.00    0.00    0.00    0.00    0.00    0.00  100.00
Average:       4    0.00    0.00    0.50    0.00    0.00    0.00    0.00    0.00   99.50
Average:       5    0.00    0.00    0.50    0.00    0.00    0.00    0.00    0.00   99.50
Average:       6    0.00    0.00    0.00    0.00    0.00    0.00    0.00    0.00  100.00
Average:       7    0.00    0.00    0.50    0.00    0.00    0.00    0.00    0.00   99.50
Average:       2    0.00    0.00    0.00    0.00    0.00    0.00    0.00    0.00  100.00
Average:       3    0.00    0.00    0.00    0.00    0.00    0.00    0.00    0.00  100.00
Average:       4    0.00    0.00    0.00    0.00    0.00    0.00    0.00    0.00  100.00
Average:       5    0.00    0.00    0.00    0.00    0.00    0.00    0.00    0.00  100.00
Average:       6    0.00    0.00    0.00    0.00    0.00    0.00    0.00    0.00  100.00
Average:       7    0.00    0.00    0.00    0.00    0.00    0.00    0.00    0.00  100.00
Average:       2    0.00    0.00    0.50    0.00    0.00    0.00    0.00    0.00   99.50
Average:       3    0.00    0.00    4.52    0.50    0.00    0.00    0.00    0.00   94.97
Average:       4    0.00    0.00    0.00    0.00    0.00    0.00    0.00    0.00  100.00
Average:       5    0.00    0.00    0.00    0.00    0.00    0.00    0.00    0.00  100.00
Average:       6    0.00    0.00    0.00    0.00    0.00    0.00    0.00    0.00  100.00
Average:       7    0.00    0.00    0.00    0.00    0.00    0.00    0.00    0.00  100.00
