Average:       0   23.82    0.00    0.94   72.10    0.00    0.00    0.00    0.00    3.13
Average:       0   96.50    0.00    3.00    0.00    0.00    0.00    0.00    0.00    0.50
Average:       0   96.48    0.00    3.52    0.00    0.00    0.00    0.00    0.00    0.00
Average:       0   96.02    0.00    3.48    0.00    0.00    0.00    0.00    0.00    0.50
Average:       0   96.98    0.00    3.02    0.00    0.00    0.00    0.00    0.00    0.00
Average:       0   96.50    0.00    3.50    0.00    0.00    0.00    0.00    0.00    0.00
Average:       0   86.45    0.00    1.87    5.61    0.00    0.00    0.47    0.00    5.61
Average:       0   99.00    0.00    1.00    0.00    0.00    0.00    0.00    0.00    0.00
Average:       0   96.00    0.00    4.00    0.00    0.00    0.00    0.00    0.00    0.00
Average:       0   96.52    0.00    3.48    0.00    0.00    0.00    0.00    0.00    0.00
Average:       0   97.51    0.00    1.99    0.50    0.00    0.00    0.00    0.00    0.00
Average:       0   94.97    0.00    5.03    0.00    0.00    0.00    0.00    0.00    0.00
Average:       0   98.49    0.00    1.51    0.00    0.00    0.00    0.00    0.00    0.00
Average:       0   96.48    0.00    3.52    0.00    0.00    0.00    0.00    0.00    0.00
Average:       0   95.00    0.00    5.00    0.00    0.00    0.00    0.00    0.00    0.00
Average:       0   97.99    0.00    2.01    0.00    0.00    0.00    0.00    0.00    0.00
Average:       0   96.50    0.00    3.00    0.00    0.00    0.00    0.00    0.00    0.50
Average:       0   97.00    0.00    3.00    0.00    0.00    0.00    0.00    0.00    0.00
Average:       0   91.30    0.00    2.42    1.93    0.00    0.00    0.00    0.00    4.35
Average:       0   95.07    0.00    2.96    0.99    0.00    0.00    0.00    0.00    0.99
Average:       0   97.00    0.00    3.00    0.00    0.00    0.00    0.00    0.00    0.00
Average:       0   96.52    0.00    2.99    0.00    0.00    0.00    0.00    0.00    0.50
Average:       0   95.48    0.00    4.52    0.00    0.00    0.00    0.00    0.00    0.00
Average:       0   96.98    0.00    3.02    0.00    0.00    0.00    0.00    0.00    0.00
Average:       0   97.01    0.00    2.99    0.00    0.00    0.00    0.00    0.00    0.00
Average:       0   96.48    0.00    3.52    0.00    0.00    0.00    0.00    0.00    0.00
Average:       0   97.50    0.00    2.50    0.00    0.00    0.00    0.00    0.00    0.00
Average:       0   96.00    0.00    4.00    0.00    0.00    0.00    0.00    0.00    0.00
Average:       0   97.00    0.00    3.00    0.00    0.00    0.00    0.00    0.00    0.00
Average:       0   96.50    0.00    3.50    0.00    0.00    0.00    0.00    0.00    0.00
Average:       0   95.00    0.00    5.00    0.00    0.00    0.00    0.00    0.00    0.00
Average:       0   97.51    0.00    1.49    1.00    0.00    0.00    0.00    0.00    0.00
Average:       0   20.97    0.00    0.91   66.87    0.00    0.00    0.00    0.00   11.25
Average:       0   97.50    0.00    2.50    0.00    0.00    0.00    0.00    0.00    0.00
Average:       0   96.52    0.00    2.99    0.00    0.00    0.00    0.00    0.00    0.50
Average:       0   97.50    0.00    2.50    0.00    0.00    0.00    0.00    0.00    0.00
Average:       0   96.52    0.00    2.99    0.00    0.00    0.00    0.00    0.00    0.50
Average:       0   87.62    0.00    3.33    3.81    0.00    0.00    0.00    0.00    5.24
Average:       0   97.00    0.00    3.00    0.00    0.00    0.00    0.00    0.00    0.00
Average:       0   98.50    0.00    1.50    0.00    0.00    0.00    0.00    0.00    0.00
Average:       0   88.63    0.00    2.37    2.84    0.00    0.00    0.00    0.00    6.16
Average:       0   96.02    0.00    3.98    0.00    0.00    0.00    0.00    0.00    0.00
Average:       0   96.50    0.00    3.50    0.00    0.00    0.00    0.00    0.00    0.00
Average:       0   98.00    0.00    2.00    0.00    0.00    0.00    0.00    0.00    0.00
Average:       0   96.50    0.00    3.50    0.00    0.00    0.00    0.00    0.00    0.00
Average:       0   96.00    0.00    4.00    0.00    0.00    0.00    0.00    0.00    0.00
Average:       0   97.50    0.00    2.50    0.00    0.00    0.00    0.00    0.00    0.00
Average:       0   97.01    0.00    2.49    0.00    0.00    0.00    0.00    0.00    0.50
Average:       0   89.37    0.00    3.38    2.42    0.00    0.00    0.00    0.00    4.83
Average:       0   82.79    0.00    2.33   13.49    0.00    0.00    0.47    0.00    0.93
Average:       0   88.46    0.00    4.33    1.92    0.00    0.00    0.00    0.00    5.29
Average:       0   97.50    0.00    2.00    0.50    0.00    0.00    0.00    0.00    0.00
Average:       0   97.00    0.00    3.00    0.00    0.00    0.00    0.00    0.00    0.00
Average:       0   87.20    0.00    2.84    4.74    0.00    0.00    0.00    0.00    5.21
Average:       0    2.88    0.00   88.94    8.17    0.00    0.00    0.00    0.00    0.00
Average:       0    1.01    0.00   30.98   67.34    0.00    0.00    0.00    0.00    0.67
Average:       0    7.26    0.00    2.79   89.66    0.00    0.00    0.28    0.00    0.00
Average:       0   65.78    0.00   11.11   22.67    0.00    0.00    0.00    0.00    0.44
