Average:       2    5.03    0.00    6.03    0.00    0.00    0.00    0.00    0.00   88.94
Average:       3    5.03    0.00    6.53    0.50    0.00    0.00    0.00    0.00   87.94
Average:       4    2.00    0.00    4.00    1.00    0.00    0.00    0.00    0.00   93.00
Average:       5    3.52    0.00    7.04    0.00    0.00    0.00    0.50    0.00   88.94
Average:       6    3.52    0.00    7.04    0.50    0.00    0.00    0.00    0.00   88.94
Average:       7    5.03    0.00    5.53    0.50    0.00    0.00    0.00    0.00   88.94
Average:       2    8.54    0.00    0.00    0.00    0.00    0.00    0.00    0.00   91.46
Average:       3    0.00    0.00    0.00    0.00    0.00    0.00    0.00    0.00  100.00
Average:       4    0.00    0.00    0.00    0.00    0.00    0.00    0.00    0.00  100.00
Average:       5   63.32    0.00    0.50    0.00    0.00    0.00    0.00    0.00   36.18
Average:       6    0.51    0.00    0.00    0.00    0.00    0.00    0.00    0.00   99.49
Average:       7    0.00    0.00    0.00    0.50    0.00    0.00    0.00    0.00   99.50
Average:       2    0.00    0.00    0.00    0.00    0.00    0.00    0.00    0.00  100.00
Average:       3    0.50    0.00    0.00    0.00    0.00    0.00    0.00    0.00   99.50
Average:       4   47.74    0.00    0.50    0.00    0.00    0.00    0.00    0.00   51.76
Average:       5    0.00    0.00    1.51    0.50    0.00    0.00    0.00    0.00   97.99
Average:       6   21.78    0.00    0.99    0.00    0.00    0.00    0.00    0.00   77.23
Average:       7    0.00    0.00    1.00    0.00    0.00    0.00    0.00    0.00   99.00
Average:       2    0.50    0.00    0.50    1.01    0.00    0.00    0.00    0.00   97.99
Average:       3   19.60    0.00    1.51    0.00    0.00    0.00    0.00    0.00   78.89
Average:       4    0.00    0.00    1.52    0.00    0.00    0.00    0.00    0.00   98.48
Average:       5   21.61    0.00    1.51    0.00    0.00    0.00    0.00    0.00   76.88
Average:       6    0.00    0.00    1.01    0.00    0.00    0.00    0.00    0.00   98.99
Average:       7    0.00    0.00    1.00    0.00    0.00    0.00    0.00    0.00   99.00
Average:       2    0.00    0.00    0.00    0.00    0.00    0.00    0.00    0.00  100.00
Average:       3    0.00    0.00    0.00    0.00    0.00    0.00    0.00    0.00  100.00
Average:       4    0.00    0.00    0.00    0.00    0.00    0.00    0.00    0.00  100.00
Average:       5    0.00    0.00    0.00    0.00    0.00    0.00    0.00    0.00  100.00
Average:       6    0.00    0.00    0.00    0.00    0.00    0.00    0.00    0.00  100.00
Average:       7    0.00    0.00    0.00    0.00    0.00    0.00    0.00    0.00  100.00
Average:       2    0.00    0.00    0.00    0.00    0.00    0.00    0.00    0.00  100.00
Average:       3    0.00    0.00    0.00    0.00    0.00    0.00    0.00    0.00  100.00
Average:       4    0.00    0.00    0.00    0.00    0.00    0.00    0.00    0.00  100.00
Average:       5    0.00    0.00    0.00    0.00    0.00    0.00    0.00    0.00  100.00
Average:       6    0.00    0.00    0.00    0.00    0.00    0.00    0.00    0.00  100.00
Average:       7    0.00    0.00    0.00    0.00    0.00    0.00    0.00    0.00  100.00
Average:       2    0.00    0.00    0.00    0.00    0.00    0.00    0.00    0.00  100.00
Average:       3    0.00    0.00    0.00    0.00    0.00    0.00    0.00    0.00  100.00
Average:       4    0.00    0.00    0.00    0.00    0.00    0.00    0.00    0.00  100.00
Average:       5    0.00    0.00    0.00    0.00    0.00    0.00    0.00    0.00  100.00
Average:       6    0.00    0.00    0.00    0.00    0.00    0.00    0.00    0.00  100.00
Average:       7    0.00    0.00    0.00    0.00    0.00    0.00    0.00    0.00  100.00
Average:       2    0.00    0.00    0.00    0.00    0.00    0.00    0.00    0.00  100.00
Average:       3    0.00    0.00    0.00    0.00    0.00    0.00    0.00    0.00  100.00
Average:       4    0.00    0.00    0.00    0.00    0.00    0.00    0.00    0.00  100.00
Average:       5    0.00    0.00    0.50    0.00    0.00    0.00    0.00    0.00   99.50
Average:       6    0.00    0.00    0.00    0.00    0.00    0.00    0.00    0.00  100.00
Average:       7    0.00    0.00    0.00    0.00    0.00    0.00    0.00    0.00  100.00
Average:       2    0.00    0.00    0.00    0.00    0.00    0.00    0.00    0.00  100.00
Average:       3    0.00    0.00    0.00    0.00    0.00    0.00    0.00    0.00  100.00
Average:       4    0.00    0.00    0.00    0.00    0.00    0.00    0.00    0.00  100.00
Average:       5    0.00    0.00    0.00    0.00    0.00    0.00    0.00    0.00  100.00
Average:       6    0.00    0.00    0.00    0.00    0.00    0.00    0.00    0.00  100.00
Average:       7    0.00    0.00    0.00    0.00    0.00    0.00    0.00    0.00  100.00
Average:       2    0.00    0.00    0.00    0.00    0.00    0.00    0.00    0.00  100.00
Average:       3    0.00    0.00    0.00    0.00    0.00    0.00    0.00    0.00  100.00
Average:       4    0.00    0.00    0.50    0.00    0.00    0.00    0.00    0.00   99.50
Average:       5    0.00    0.00    0.00    0.00    0.00    0.00    0.00    0.00  100.00
Average:       6    0.00    0.00    0.00    0.00    0.00    0.00    0.00    0.00  100.00
Average:       7    0.00    0.00    0.00    0.00    0.00    0.00    0.00    0.00  100.00
